1 1 22.673444747924805 20.173871994018555 6.67491340637207 
1 2 24.048664093017578 23.243989944458008 8.590681076049805 
1 3 23.970510482788086 24.922992706298828 11.876639366149902 
1 4 24.155136108398438 28.56941032409668 12.647744178771973 
1 5 27.220722198486328 29.286632537841797 14.766634941101074 
1 6 27.670188903808594 32.71903991699219 16.36542510986328 
1 7 31.442245483398438 32.60466003417969 16.86399269104004 
1 8 32.73506164550781 36.11443328857422 17.689208984375 
1 9 30.612621307373047 39.23894500732422 18.15253448486328 
1 10 28.403453826904297 39.82429504394531 15.072538375854492 
1 11 30.218849182128906 36.99077606201172 13.447348594665527 
1 12 27.451828002929688 34.42786407470703 12.783487319946289 
1 13 28.232990264892578 31.779621124267578 10.309093475341797 
1 14 26.510631561279297 28.95833396911621 8.333478927612305 
1 15 28.596912384033203 26.025373458862305 9.570475578308105 
1 16 28.334789276123047 22.75258445739746 7.584422588348389 
1 17 27.853652954101563 19.509620666503906 9.488719940185547 
1 18 26.096012115478516 16.32048225402832 8.681655883789063 
1 19 25.24521255493164 13.297131538391113 11.030488014221191 
1 20 28.970855712890625 12.54944896697998 10.51180362701416 
1 21 29.70528793334961 15.120027542114258 13.039426803588867 
1 22 30.134849548339844 15.214235305786133 16.77484893798828 
1 23 30.65200424194336 18.508373260498047 18.605470657348633 
1 24 34.49278259277344 18.130769729614258 19.138473510742188 
1 25 34.5933723449707 17.46894645690918 15.314396858215332 
1 26 32.23775863647461 20.458948135375977 14.820029258728027 
1 27 34.737239837646484 22.593215942382813 16.875507354736328 
1 28 37.630863189697266 21.23550796508789 14.85323429107666 
1 29 35.92598342895508 23.095722198486328 11.829505920410156 
1 30 35.14347839355469 26.263084411621094 13.83909797668457 
1 31 38.95135498046875 26.352596282958984 14.617026329040527 
1 32 40.7191276550293 27.809219360351563 11.458174705505371 
1 33 37.83328628540039 30.342655181884766 10.747099876403809 
1 34 38.49694061279297 32.049644470214844 14.121440887451172 
1 35 42.01894760131836 31.20212173461914 15.534770965576172 
1 36 40.79017639160156 29.572628021240234 18.796844482421875 
1 37 41.745994567871094 25.986040115356445 19.74734115600586 
1 38 38.917659759521484 23.403085708618164 20.157180786132813 
1 39 39.4733772277832 22.46456527709961 23.840137481689453 
1 40 39.02742004394531 26.06570816040039 25.014432907104492 
1 41 35.85084533691406 26.353540420532227 22.810062408447266 
1 42 32.346378326416016 25.976722717285156 24.523815155029297 
1 43 29.017742156982422 26.3877010345459 22.652698516845703 
1 44 25.879932403564453 27.560110092163086 24.32916259765625 
1 45 22.356678009033203 26.98986053466797 23.11582374572754 
1 46 19.108901977539063 26.691226959228516 25.281017303466797 
1 47 19.82473373413086 23.86578369140625 27.791711807250977 
1 48 22.19835090637207 22.24950408935547 25.424747467041016 
1 49 25.680646896362305 22.714488983154297 26.878591537475586 
1 50 27.85699462890625 21.392349243164063 24.023300170898438 
1 51 31.64386749267578 20.798519134521484 24.403091430664063 
1 52 33.517757415771484 17.488481521606445 23.721778869628906 
1 53 32.38873291015625 13.925994873046875 23.52295684814453 
1 54 28.90252685546875 14.818061828613281 22.363327026367188 
1 55 26.962318420410156 12.914626121520996 19.68876075744629 
1 56 23.58218765258789 12.886945724487305 17.72998809814453 
1 57 21.83916664123535 11.399232864379883 20.768089294433594 
1 58 22.97526741027832 12.816784858703613 24.087974548339844 
1 59 22.9866943359375 16.72434425354004 23.895322799682617 
1 60 21.98923683166504 16.245376586914063 20.276634216308594 
1 61 22.88067054748535 18.54757308959961 17.354351043701172 
1 62 19.89209747314453 20.1116943359375 15.503351211547852 
1 63 20.119647979736328 21.861970901489258 12.071496963500977 
1 64 19.334150314331055 25.726581573486328 11.990599632263184 
1 65 19.94187355041504 25.883020401000977 15.845741271972656 
1 66 21.966449737548828 28.758512496948242 17.120412826538086 
1 67 25.1351261138916 27.666194915771484 18.689496994018555 
1 68 26.483718872070313 30.583192825317383 20.76658821105957 
1 69 30.1524658203125 30.496368408203125 21.039794921875 
1 70 31.578826904296875 31.373188018798828 24.551799774169922 
1 71 34.753177642822266 30.04954719543457 26.335935592651367 
1 72 35.81800079345703 27.25458526611328 28.618682861328125 
1 73 38.52814483642578 28.571285247802734 31.09857749938965 
1 74 40.46955871582031 25.276145935058594 31.08201026916504 
1 75 39.36859893798828 24.432106018066406 34.63813018798828 
1 76 36.022823333740234 25.98830795288086 34.02153778076172 
2 1 23.960342407226563 21.314502716064453 5.528095245361328 
2 2 23.834196090698242 24.44301986694336 7.618247985839844 
2 3 24.391496658325195 25.656770706176758 11.256963729858398 
2 4 24.4071102142334 29.438140869140625 11.844121932983398 
2 5 27.33447265625 29.63092041015625 14.399347305297852 
2 6 27.764049530029297 32.835052490234375 16.353797912597656 
2 7 31.469257354736328 32.789546966552734 17.0929012298584 
2 8 32.58451461791992 36.067405700683594 18.768991470336914 
2 9 30.121078491210938 39.02659606933594 19.511865615844727 
2 10 28.606494903564453 39.75923156738281 16.040363311767578 
2 11 30.506614685058594 37.33836364746094 13.892082214355469 
2 12 27.823699951171875 34.892581939697266 12.59626579284668 
2 13 29.07088851928711 32.167869567871094 10.162212371826172 
2 14 26.88546371459961 29.61634063720703 8.272479057312012 
2 15 29.06796646118164 26.387027740478516 8.842169761657715 
2 16 28.64813232421875 22.926944732666016 7.421104431152344 
2 17 27.50090789794922 20.168106079101563 9.822040557861328 
2 18 25.237499237060547 17.243694305419922 9.379605293273926 
2 19 24.33979034423828 14.426733016967773 11.892982482910156 
2 20 27.723846435546875 13.024081230163574 10.794486999511719 
2 21 29.18472671508789 15.360954284667969 13.292688369750977 
2 22 29.625431060791016 15.108222961425781 17.014053344726563 
2 23 30.39606475830078 18.388137817382813 18.963409423828125 
2 24 34.2060546875 17.86572265625 19.24472999572754 
2 25 34.29756164550781 17.420856475830078 15.31760025024414 
2 26 32.284339904785156 20.64331817626953 14.828041076660156 
2 27 34.79635238647461 22.63728904724121 16.897998809814453 
2 28 37.52751541137695 21.290353775024414 14.581415176391602 
2 29 35.583003997802734 22.90652084350586 11.628559112548828 
2 30 35.37843322753906 26.19805145263672 13.787544250488281 
2 31 39.028865814208984 26.28045654296875 14.732185363769531 
2 32 40.46427917480469 27.661706924438477 11.31591796875 
2 33 37.69157028198242 30.293285369873047 11.092252731323242 
2 34 38.3221549987793 31.640758514404297 14.618696212768555 
2 35 42.02738571166992 30.565616607666016 15.612298965454102 
2 36 40.57938766479492 29.328758239746094 18.890825271606445 
2 37 41.60432815551758 25.715974807739258 19.302217483520508 
2 38 38.73655700683594 23.144556045532227 20.106983184814453 
2 39 39.650901794433594 22.710468292236328 23.78325843811035 
2 40 38.93317794799805 26.390762329101563 24.68161392211914 
2 41 35.772762298583984 26.165441513061523 22.512868881225586 
2 42 32.41223907470703 25.726078033447266 24.424236297607422 
2 43 28.95598602294922 25.802326202392578 22.545066833496094 
2 44 25.664045333862305 26.689682006835938 24.241464614868164 
2 45 22.190292358398438 25.805599212646484 22.981456756591797 
2 46 19.23249626159668 26.047574996948242 25.40631103515625 
2 47 19.490846633911133 23.489038467407227 28.088926315307617 
2 48 22.133577346801758 21.791034698486328 25.89218521118164 
2 49 25.579843521118164 22.411373138427734 27.411865234375 
2 50 27.718196868896484 21.30267906188965 24.571552276611328 
2 51 31.44915008544922 20.841941833496094 24.917461395263672 
2 52 33.340755462646484 17.635009765625 23.94431495666504 
2 53 32.2331428527832 13.96713638305664 24.031436920166016 
2 54 28.715312957763672 14.800247192382813 23.02605438232422 
2 55 27.084014892578125 13.201659202575684 20.00982666015625 
2 56 23.46175765991211 12.19015884399414 19.17702293395996 
2 57 21.44691276550293 10.582191467285156 22.04985809326172 
2 58 23.180500030517578 12.271551132202148 25.068805694580078 
2 59 23.13117790222168 16.096498489379883 24.722789764404297 
2 60 22.188379287719727 15.729227066040039 21.082172393798828 
2 61 23.575952529907227 17.746631622314453 18.178556442260742 
2 62 21.047042846679688 19.513790130615234 15.94874382019043 
2 63 21.331584930419922 21.49557113647461 12.702737808227539 
2 64 19.83403968811035 24.65926742553711 11.171076774597168 
2 65 19.441652297973633 27.045900344848633 14.154294967651367 
2 66 22.032733917236328 29.206857681274414 16.005441665649414 
2 67 24.7685489654541 27.440093994140625 18.081745147705078 
2 68 26.178569793701172 29.948881149291992 20.53784942626953 
2 69 30.01711654663086 29.77114486694336 20.935352325439453 
2 70 31.38863754272461 30.799728393554688 24.296932220458984 
2 71 34.59386444091797 29.561626434326172 25.929119110107422 
2 72 35.99878692626953 27.343547821044922 28.52614974975586 
2 73 38.5278205871582 29.032196044921875 30.845075607299805 
2 74 40.78944396972656 25.82699203491211 30.635129928588867 
2 75 39.819122314453125 25.05209732055664 34.20870590209961 
2 76 36.29949951171875 26.483882904052734 33.839012145996094 
3 1 22.947038650512695 22.292177200317383 6.849606513977051 
3 2 24.309247970581055 25.70708465576172 7.37723970413208 
3 3 23.375959396362305 27.149070739746094 10.818262100219727 
3 4 24.498409271240234 30.774614334106445 11.578132629394531 
3 5 26.713022232055664 30.132761001586914 14.612497329711914 
3 6 28.0071964263916 33.19927978515625 16.422107696533203 
3 7 31.601516723632813 32.89311218261719 17.43425750732422 
3 8 32.842803955078125 35.86711883544922 19.171470642089844 
3 9 30.925321578979492 39.03137969970703 20.078092575073242 
3 10 30.373733520507813 40.671607971191406 16.650035858154297 
3 11 31.037891387939453 37.64368438720703 14.399579048156738 
3 12 28.896467208862305 34.78648376464844 12.886298179626465 
3 13 29.704023361206055 31.87369728088379 10.550722122192383 
3 14 27.47218894958496 29.830503463745117 8.03416919708252 
3 15 28.40921974182129 26.57828140258789 9.598416328430176 
3 16 27.764291763305664 23.119340896606445 8.084275245666504 
3 17 26.972719192504883 20.455196380615234 10.632827758789063 
3 18 24.56252098083496 17.453519821166992 10.283313751220703 
3 19 23.927953720092773 14.069177627563477 12.190672874450684 
3 20 27.317474365234375 13.255338668823242 10.626476287841797 
3 21 29.19364356994629 15.160367965698242 13.3358154296875 
3 22 30.10352897644043 14.763387680053711 17.020275115966797 
3 23 30.95973777770996 17.98072052001953 18.710193634033203 
3 24 34.79236602783203 17.630977630615234 18.901798248291016 
3 25 34.7255859375 17.574636459350586 15.072301864624023 
3 26 32.19502258300781 20.52321434020996 14.952825546264648 
3 27 34.914764404296875 22.471769332885742 16.88118553161621 
3 28 37.51213836669922 21.433338165283203 14.305861473083496 
3 29 35.293975830078125 23.136899948120117 11.59417724609375 
3 30 35.446510314941406 26.4583797454834 13.585586547851563 
3 31 39.16705322265625 26.1308650970459 14.448551177978516 
3 32 40.34125518798828 27.43902015686035 11.207275390625 
3 33 37.850074768066406 30.445646286010742 11.326684951782227 
3 34 39.01702117919922 32.10264587402344 14.625103950500488 
3 35 42.32782745361328 30.84159278869629 15.561929702758789 
3 36 40.997894287109375 29.165712356567383 18.725807189941406 
3 37 42.02381134033203 25.532445907592773 19.492034912109375 
3 38 39.123985290527344 23.071176528930664 20.19430160522461 
3 39 39.562103271484375 22.68461036682129 23.99417495727539 
3 40 38.831504821777344 26.296606063842773 24.665233612060547 
3 41 35.66233825683594 26.29367446899414 22.459617614746094 
3 42 32.08222961425781 25.55195426940918 23.965648651123047 
3 43 28.710004806518555 25.57733726501465 22.201709747314453 
3 44 25.464818954467773 26.57858657836914 23.947458267211914 
3 45 21.792253494262695 25.99112892150879 23.072662353515625 
3 46 18.578100204467773 25.67024803161621 25.133319854736328 
3 47 19.71068000793457 23.458173751831055 28.007999420166016 
3 48 22.70816993713379 22.085569381713867 25.988136291503906 
3 49 26.213407516479492 22.496877670288086 27.433591842651367 
3 50 28.1682071685791 21.04108428955078 24.42356300354004 
3 51 31.810684204101563 20.481698989868164 24.697063446044922 
3 52 34.00401306152344 17.459745407104492 23.949365615844727 
3 53 32.61199188232422 13.960098266601563 23.753429412841797 
3 54 28.99531364440918 14.441621780395508 22.997209548950195 
3 55 26.976627349853516 12.368906021118164 20.399742126464844 
3 56 23.32272720336914 11.95351791381836 19.0690975189209 
3 57 21.953763961791992 10.34813117980957 22.225648880004883 
3 58 23.23910140991211 12.558511734008789 25.158794403076172 
3 59 23.477615356445313 16.266408920288086 24.736326217651367 
3 60 22.76487922668457 15.864118576049805 20.916257858276367 
3 61 23.72638702392578 17.6055850982666 17.675838470458984 
3 62 20.893898010253906 19.38121223449707 15.76578140258789 
3 63 20.636764526367188 20.9002742767334 12.319259643554688 
3 64 18.54093360900879 23.994585037231445 11.097330093383789 
3 65 17.914901733398438 25.978605270385742 14.316370010375977 
3 66 20.894601821899414 28.089250564575195 15.604394912719727 
3 67 23.561681747436523 26.82680320739746 18.090858459472656 
3 68 25.70973014831543 29.629167556762695 19.602542877197266 
3 69 29.474040985107422 29.542184829711914 20.52604866027832 
3 70 30.97041130065918 30.65567970275879 23.87647247314453 
3 71 34.27757263183594 29.630022048950195 25.561986923217773 
3 72 35.48374938964844 27.380905151367188 28.41614532470703 
3 73 38.068077087402344 29.3853702545166 30.552011489868164 
3 74 40.62773132324219 26.40419578552246 30.285797119140625 
3 75 39.237876892089844 25.279268264770508 33.75180435180664 
3 76 35.805946350097656 26.774560928344727 33.77490234375 
4 1 23.57986831665039 22.009519577026367 5.715569496154785 
4 2 25.034093856811523 25.546689987182617 6.234460830688477 
4 3 23.759925842285156 26.6715030670166 9.706491470336914 
4 4 24.268417358398438 29.87131690979004 11.679609298706055 
4 5 26.72042465209961 29.620119094848633 14.461982727050781 
4 6 27.490833282470703 32.767303466796875 16.40760612487793 
4 7 31.225341796875 32.321876525878906 17.089920043945313 
4 8 32.59014129638672 35.448883056640625 18.56253433227539 
4 9 30.60938835144043 38.81483459472656 18.9468994140625 
4 10 28.4759578704834 39.933570861816406 15.979818344116211 
4 11 30.253494262695313 37.28258514404297 14.137598037719727 
4 12 27.59530258178711 34.875518798828125 12.944646835327148 
4 13 28.917266845703125 32.51897430419922 10.428201675415039 
4 14 27.347869873046875 29.874284744262695 8.104036331176758 
4 15 28.595012664794922 26.4112491607666 9.10511302947998 
4 16 28.328380584716797 23.080081939697266 7.33658504486084 
4 17 26.852256774902344 20.4675235748291 9.858160018920898 
4 18 24.758708953857422 17.274614334106445 9.724696159362793 
4 19 24.342716217041016 14.734128952026367 12.639261245727539 
4 20 27.353822708129883 12.649354934692383 11.296276092529297 
4 21 29.32573699951172 14.935930252075195 13.420829772949219 
4 22 30.14385986328125 15.121335983276367 17.099712371826172 
4 23 30.534839630126953 18.635278701782227 18.73336410522461 
4 24 34.336822509765625 18.304105758666992 18.799726486206055 
4 25 34.293270111083984 17.63793182373047 15.074932098388672 
4 26 32.0187873840332 20.707157135009766 15.00201416015625 
4 27 34.5018310546875 22.761634826660156 17.022184371948242 
4 28 37.355621337890625 21.64351463317871 14.795612335205078 
4 29 35.172332763671875 22.939054489135742 11.91110610961914 
4 30 34.95740509033203 26.407121658325195 13.687191009521484 
4 31 38.71937561035156 26.4097843170166 14.587682723999023 
4 32 40.409427642822266 27.97846794128418 11.526567459106445 
4 33 37.523677825927734 30.6234073638916 11.201944351196289 
4 34 38.4493293762207 32.25145721435547 14.614389419555664 
4 35 41.901832580566406 31.011098861694336 15.634593963623047 
4 36 40.96421432495117 29.406423568725586 18.926708221435547 
4 37 41.725135803222656 25.6699161529541 19.46605682373047 
4 38 38.83879089355469 23.223539352416992 20.085866928100586 
4 39 38.97077941894531 22.433631896972656 23.865623474121094 
4 40 38.9074821472168 26.226282119750977 24.469755172729492 
4 41 35.645957946777344 26.417261123657227 22.443763732910156 
4 42 32.26700973510742 25.655229568481445 24.21304702758789 
4 43 28.740253448486328 25.755220413208008 22.588397979736328 
4 44 25.486743927001953 26.895292282104492 24.409229278564453 
4 45 22.02396011352539 26.26658058166504 23.063343048095703 
4 46 18.852787017822266 26.12137794494629 25.397714614868164 
4 47 19.576461791992188 23.427698135375977 28.074684143066406 
4 48 22.547019958496094 22.020658493041992 26.163442611694336 
4 49 26.008766174316406 22.59069061279297 27.6403751373291 
4 50 27.94296646118164 21.02016258239746 24.60982894897461 
4 51 31.761545181274414 20.37958335876465 24.780155181884766 
4 52 33.70415496826172 17.284330368041992 24.08688735961914 
4 53 32.20568084716797 13.807790756225586 23.293506622314453 
4 54 28.786121368408203 15.03807258605957 22.56251335144043 
4 55 26.74420928955078 12.844644546508789 20.120344161987305 
4 56 23.123291015625 12.598337173461914 18.996505737304688 
4 57 21.978557586669922 10.971685409545898 22.228599548339844 
4 58 23.619935989379883 12.524816513061523 25.204153060913086 
4 59 23.498380661010742 16.330575942993164 25.165014266967773 
4 60 22.18501853942871 15.851354598999023 21.541271209716797 
4 61 23.91509246826172 17.52243995666504 18.51327133178711 
4 62 21.715457916259766 19.51557159423828 16.146663665771484 
4 63 21.445850372314453 20.993318557739258 12.703956604003906 
4 64 19.36606216430664 23.788677215576172 11.156082153320313 
4 65 18.86420440673828 25.9542179107666 14.332229614257813 
4 66 21.383203506469727 28.289194107055664 15.758670806884766 
4 67 24.46360206604004 27.549760818481445 17.97535514831543 
4 68 26.165115356445313 30.07634925842285 20.072969436645508 
4 69 29.888839721679688 29.685964584350586 20.80626106262207 
4 70 31.21117401123047 30.90751838684082 24.203943252563477 
4 71 34.56156921386719 29.704866409301758 25.650339126586914 
4 72 35.96992111206055 27.13767433166504 27.943405151367188 
4 73 38.65412139892578 28.670228958129883 30.114112854003906 
4 74 40.720741271972656 25.39328956604004 31.05770492553711 
4 75 39.044403076171875 24.7254581451416 34.36552429199219 
4 76 35.78955841064453 26.40703010559082 33.633548736572266 
5 1 23.616300582885742 22.33987808227539 6.9167985916137695 
5 2 25.554061889648438 25.709579467773438 6.683526039123535 
5 3 23.939456939697266 27.08914566040039 9.82496166229248 
5 4 24.39621353149414 30.659523010253906 11.117341041564941 
5 5 26.328670501708984 30.110774993896484 14.298179626464844 
5 6 27.533830642700195 33.266361236572266 16.111629486083984 
5 7 31.2368221282959 32.63444137573242 17.04123878479004 
5 8 32.60880661010742 35.81272506713867 18.625621795654297 
5 9 30.387718200683594 38.83760452270508 19.634174346923828 
5 10 29.188608169555664 40.23814392089844 16.24808120727539 
5 11 30.59831428527832 37.62886428833008 13.859743118286133 
5 12 28.119876861572266 35.011592864990234 12.520401954650879 
5 13 29.577632904052734 32.2314338684082 10.210208892822266 
5 14 27.692123413085938 29.652042388916016 8.15583610534668 
5 15 28.882156372070313 26.440204620361328 9.679394721984863 
5 16 28.360443115234375 23.148948669433594 7.79872989654541 
5 17 26.96931266784668 20.653423309326172 10.403573036193848 
5 18 24.601001739501953 17.672780990600586 10.283705711364746 
5 19 23.829818725585938 14.945392608642578 12.964040756225586 
5 20 26.72875213623047 12.960784912109375 11.222237586975098 
5 21 29.393104553222656 14.888711929321289 13.241600036621094 
5 22 30.443981170654297 14.807415008544922 16.93947982788086 
5 23 30.729509353637695 18.11253547668457 18.64092254638672 
5 24 34.65168762207031 18.20176887512207 18.999616622924805 
5 25 34.593414306640625 17.357311248779297 15.226607322692871 
5 26 32.273170471191406 20.40035629272461 14.701251983642578 
5 27 34.461402893066406 22.721492767333984 16.943012237548828 
5 28 37.441322326660156 21.48355484008789 14.771087646484375 
5 29 35.692298889160156 23.004344940185547 11.676549911499023 
5 30 35.22600555419922 26.276287078857422 13.542777061462402 
5 31 39.0072021484375 26.41119384765625 14.684456825256348 
5 32 41.19268035888672 28.351192474365234 12.261012077331543 
5 33 38.428131103515625 30.544414520263672 10.874041557312012 
5 34 38.281768798828125 32.379268646240234 14.188346862792969 
5 35 41.75238037109375 31.871299743652344 15.851724624633789 
5 36 40.3606071472168 29.657520294189453 18.62358856201172 
5 37 41.537017822265625 25.982662200927734 19.309070587158203 
5 38 38.70070266723633 23.508220672607422 19.955232620239258 
5 39 39.67518997192383 22.698284149169922 23.634920120239258 
5 40 38.85573959350586 26.385128021240234 24.419387817382813 
5 41 35.54924011230469 26.182018280029297 22.506471633911133 
5 42 32.31852722167969 25.296958923339844 24.153417587280273 
5 43 28.862194061279297 25.352161407470703 22.401933670043945 
5 44 25.78860092163086 26.74074935913086 24.13159942626953 
5 45 22.02005958557129 26.381855010986328 23.465408325195313 
5 46 19.031734466552734 26.437591552734375 25.94369125366211 
5 47 19.961048126220703 23.780101776123047 28.549863815307617 
5 48 22.3846435546875 21.987300872802734 26.30658531188965 
5 49 25.985013961791992 22.349842071533203 27.244497299194336 
5 50 27.996788024902344 21.12049102783203 24.208065032958984 
5 51 31.9078369140625 20.578338623046875 24.649240493774414 
5 52 33.67047119140625 17.285703659057617 23.84853172302246 
5 53 32.37910461425781 13.721206665039063 23.49435043334961 
5 54 28.994104385375977 14.902137756347656 22.42072105407715 
5 55 26.74702262878418 12.993698120117188 19.83003044128418 
5 56 23.008628845214844 12.249568939208984 19.242565155029297 
5 57 21.401735305786133 10.86623764038086 22.462120056152344 
5 58 23.38568878173828 12.633245468139648 25.20083236694336 
5 59 23.5047550201416 16.422996520996094 25.186540603637695 
5 60 22.286222457885742 16.202974319458008 21.550731658935547 
5 61 23.56720733642578 17.493820190429688 18.276622772216797 
5 62 20.733463287353516 19.001842498779297 16.09684181213379 
5 63 20.573183059692383 20.85159683227539 12.750631332397461 
5 64 19.055255889892578 24.05838394165039 11.204824447631836 
5 65 18.397140502929688 25.765575408935547 14.597249984741211 
5 66 21.43545150756836 27.488155364990234 16.028392791748047 
5 67 24.068286895751953 26.64059066772461 18.559669494628906 
5 68 26.236003875732422 29.46304702758789 19.861013412475586 
5 69 29.91214942932129 29.677356719970703 20.559900283813477 
5 70 30.98059844970703 30.520732879638672 24.221006393432617 
5 71 34.24421691894531 29.893535614013672 26.05303382873535 
5 72 35.64347839355469 27.193374633789063 28.198989868164063 
5 73 38.67459487915039 28.516071319580078 30.14190101623535 
5 74 40.53278350830078 25.223018646240234 30.885915756225586 
5 75 38.88338088989258 24.041614532470703 33.95677947998047 
5 76 35.939998626708984 26.339557647705078 33.50984191894531 
6 1 23.72640609741211 22.416946411132813 6.698873519897461 
6 2 25.414705276489258 25.903074264526367 6.615818023681641 
6 3 23.761119842529297 27.4830322265625 9.7588529586792 
6 4 24.180614471435547 30.918529510498047 11.43901252746582 
6 5 26.35861587524414 30.467117309570313 14.449954986572266 
6 6 27.65032958984375 33.198448181152344 16.55633544921875 
6 7 31.424488067626953 32.37226867675781 17.070560455322266 
6 8 32.90707015991211 35.48435592651367 18.69036293029785 
6 9 31.446239471435547 38.48952102661133 20.62993049621582 
6 10 29.84857177734375 39.63188171386719 17.220651626586914 
6 11 31.007652282714844 37.57935333251953 14.26449966430664 
6 12 28.697956085205078 35.030853271484375 12.690195083618164 
6 13 29.940990447998047 32.10395050048828 10.512712478637695 
6 14 27.960926055908203 29.910964965820313 8.126606941223145 
6 15 28.85064697265625 26.6921329498291 9.76077651977539 
6 16 28.204803466796875 23.34648895263672 7.978858947753906 
6 17 27.06920623779297 20.9613037109375 10.775468826293945 
6 18 24.825702667236328 17.790884017944336 10.434303283691406 
6 19 24.127174377441406 14.848014831542969 12.861719131469727 
6 20 27.069194793701172 12.973480224609375 10.947850227355957 
6 21 29.366729736328125 14.947196960449219 13.253908157348633 
6 22 29.943737030029297 14.551921844482422 16.90351676940918 
6 23 30.543514251708984 17.923519134521484 18.670757293701172 
6 24 34.4410285949707 18.075210571289063 18.62749671936035 
6 25 34.313316345214844 17.645111083984375 14.812183380126953 
6 26 31.959396362304688 20.821125030517578 14.777069091796875 
6 27 34.67554473876953 22.69631576538086 16.642316818237305 
6 28 37.4610481262207 21.446048736572266 14.29621696472168 
6 29 35.34318542480469 22.769554138183594 11.317464828491211 
6 30 34.99412155151367 26.226167678833008 13.140172958374023 
6 31 38.668209075927734 26.39510726928711 14.45632553100586 
6 32 40.44081115722656 27.65231704711914 11.24583625793457 
6 33 37.596527099609375 30.36103057861328 10.723949432373047 
6 34 38.22739791870117 32.0095100402832 14.049680709838867 
6 35 41.683494567871094 31.213542938232422 15.40877914428711 
6 36 40.41560745239258 29.669666290283203 18.60590934753418 
6 37 41.59392547607422 26.02172088623047 19.241374969482422 
6 38 38.73890686035156 23.396175384521484 20.220937728881836 
6 39 39.91702651977539 23.009841918945313 23.870925903320313 
6 40 38.9622917175293 26.734519958496094 24.487167358398438 
6 41 35.71831512451172 26.383892059326172 22.541391372680664 
6 42 32.39597702026367 25.402687072753906 24.08915138244629 
6 43 28.967147827148438 25.42259407043457 22.197669982910156 
6 44 25.79686164855957 26.30910873413086 24.026695251464844 
6 45 22.142305374145508 26.201335906982422 23.231828689575195 
6 46 18.890743255615234 26.067882537841797 25.213186264038086 
6 47 19.988025665283203 23.808189392089844 28.16461944580078 
6 48 22.381935119628906 21.819271087646484 25.913742065429688 
6 49 26.098037719726563 22.20104217529297 27.08673858642578 
6 50 28.070755004882813 20.931875228881836 24.138700485229492 
6 51 31.89188003540039 20.732620239257813 24.872514724731445 
6 52 33.75739669799805 17.461483001708984 24.139873504638672 
6 53 32.425567626953125 13.942047119140625 23.5625057220459 
6 54 28.827438354492188 14.844207763671875 22.64825439453125 
6 55 26.784812927246094 12.593652725219727 20.41549301147461 
6 56 23.189254760742188 11.71762466430664 19.328998565673828 
6 57 21.763452529907227 10.439788818359375 22.658985137939453 
6 58 23.250408172607422 12.706781387329102 25.36096954345703 
6 59 23.190275192260742 16.519145965576172 25.269611358642578 
6 60 22.27964210510254 15.701366424560547 21.61656951904297 
6 61 23.77303123474121 17.358427047729492 18.329330444335938 
6 62 21.34781265258789 19.21844482421875 15.971449851989746 
6 63 21.308454513549805 20.765869140625 12.491798400878906 
6 64 19.410137176513672 23.94747543334961 11.288935661315918 
6 65 18.22881317138672 25.574995040893555 14.60359001159668 
6 66 21.204429626464844 27.674236297607422 15.738778114318848 
6 67 23.925935745239258 26.468353271484375 18.21976089477539 
6 68 26.086669921875 29.25863265991211 19.562353134155273 
6 69 29.699504852294922 29.6171875 20.896114349365234 
6 70 30.805721282958984 30.557083129882813 24.474231719970703 
6 71 34.31589126586914 30.23754119873047 25.81852912902832 
6 72 35.800086975097656 27.769458770751953 28.238428115844727 
6 73 38.694820404052734 28.88947296142578 30.73866081237793 
6 74 40.45045471191406 25.537960052490234 30.934890747070313 
6 75 38.8746223449707 23.623743057250977 33.72496795654297 
6 76 35.76431655883789 25.813663482666016 33.826690673828125 
7 1 23.50126075744629 22.102428436279297 6.484346389770508 
7 2 25.154495239257813 25.38819122314453 6.86384391784668 
7 3 23.839597702026367 27.310035705566406 9.856710433959961 
7 4 24.959333419799805 30.544334411621094 11.617431640625 
7 5 27.193748474121094 30.56293487548828 14.685674667358398 
7 6 28.12375831604004 33.75368881225586 16.642091751098633 
7 7 31.690898895263672 33.03302001953125 17.508752822875977 
7 8 33.19337463378906 36.09703063964844 18.915794372558594 
7 9 31.417390823364258 39.399147033691406 19.784278869628906 
7 10 30.596403121948242 41.04188537597656 16.391992568969727 
7 11 31.416074752807617 37.99614715576172 14.165674209594727 
7 12 29.236907958984375 35.2052001953125 12.916421890258789 
7 13 30.262495040893555 32.433921813964844 10.622697830200195 
7 14 28.606468200683594 29.541751861572266 8.595050811767578 
7 15 28.773452758789063 25.94076919555664 9.973665237426758 
7 16 28.279542922973633 22.716663360595703 7.946256637573242 
7 17 26.424972534179688 20.506656646728516 10.462274551391602 
7 18 23.77735710144043 17.780906677246094 10.397550582885742 
7 19 23.187456130981445 14.991592407226563 13.045921325683594 
7 20 26.40792465209961 13.643226623535156 11.294763565063477 
7 21 29.428571701049805 14.356950759887695 13.493646621704102 
7 22 30.363035202026367 14.357231140136719 17.165834426879883 
7 23 30.341630935668945 17.905607223510742 18.782922744750977 
7 24 34.13822937011719 18.131427764892578 18.968833923339844 
7 25 34.096580505371094 17.526226043701172 15.11720085144043 
7 26 31.480031967163086 20.394954681396484 14.967287063598633 
7 27 34.175323486328125 22.52129364013672 16.915241241455078 
7 28 36.892295837402344 21.428665161132813 14.475494384765625 
7 29 34.80982971191406 23.08978271484375 11.655977249145508 
7 30 34.458091735839844 26.31262969970703 13.688404083251953 
7 31 38.14392852783203 26.29049301147461 14.27116584777832 
7 32 39.26454162597656 27.241127014160156 10.729852676391602 
7 33 36.82173156738281 30.198326110839844 10.700277328491211 
7 34 38.22077941894531 31.551639556884766 13.915521621704102 
7 35 41.718955993652344 30.42748260498047 14.877826690673828 
7 36 40.782684326171875 29.417205810546875 18.364721298217773 
7 37 41.526649475097656 25.6700439453125 19.132518768310547 
7 38 38.43601989746094 23.577781677246094 20.056011199951172 
7 39 39.349159240722656 23.076492309570313 23.73719596862793 
7 40 39.00336456298828 26.749305725097656 24.50381088256836 
7 41 35.6058349609375 26.552471160888672 22.72233009338379 
7 42 32.226654052734375 25.568321228027344 24.401208877563477 
7 43 28.999347686767578 25.676570892333984 22.334516525268555 
7 44 25.847078323364258 26.908203125 24.06461524963379 
7 45 22.28119659423828 26.052249908447266 23.186168670654297 
7 46 19.112138748168945 25.71544647216797 25.308435440063477 
7 47 19.574968338012695 22.98153305053711 27.956789016723633 
7 48 22.216793060302734 21.28805923461914 25.70929718017578 
7 49 25.713109970092773 22.104000091552734 27.117353439331055 
7 50 28.011537551879883 21.187835693359375 24.145488739013672 
7 51 31.747722625732422 20.87137222290039 24.837255477905273 
7 52 33.836402893066406 17.799331665039063 23.98737907409668 
7 53 32.637916564941406 14.253074645996094 23.606374740600586 
7 54 28.990144729614258 14.747062683105469 22.716127395629883 
7 55 27.188114166259766 12.592317581176758 20.067228317260742 
7 56 23.82270050048828 11.610206604003906 18.505903244018555 
7 57 22.950191497802734 9.67254638671875 21.63877296447754 
7 58 23.64707374572754 11.967041015625 24.707542419433594 
7 59 23.33827781677246 15.794692993164063 24.635658264160156 
7 60 22.456811904907227 15.413541793823242 21.05489730834961 
7 61 23.80413055419922 16.90667724609375 17.81109619140625 
7 62 21.375747680664063 18.653430938720703 15.643178939819336 
7 63 20.71656608581543 20.56058120727539 12.325298309326172 
7 64 18.93939208984375 23.823284149169922 11.265827178955078 
7 65 18.654016494750977 25.805770874023438 14.58795166015625 
7 66 21.76424217224121 27.720535278320313 15.746978759765625 
7 67 24.297447204589844 26.70501708984375 18.382164001464844 
7 68 26.1870059967041 29.811546325683594 19.71378517150879 
7 69 29.791784286499023 30.06844711303711 21.042123794555664 
7 70 31.0707950592041 31.015422821044922 24.459449768066406 
7 71 34.58155822753906 30.50005340576172 25.99928092956543 
7 72 35.83214569091797 27.85442352294922 28.462892532348633 
7 73 38.689552307128906 29.277740478515625 30.414594650268555 
7 74 40.496734619140625 25.9849853515625 31.00539207458496 
7 75 38.50934600830078 24.59510040283203 33.7738151550293 
7 76 35.53368377685547 26.86890411376953 33.683921813964844 
8 1 23.972858428955078 22.13935089111328 5.542919158935547 
8 2 25.5364990234375 25.586624145507813 6.2538299560546875 
8 3 23.930973052978516 26.525550842285156 9.63253402709961 
8 4 24.729427337646484 29.840290069580078 11.457124710083008 
8 5 27.015453338623047 29.682035446166992 14.53618049621582 
8 6 27.195579528808594 32.991912841796875 16.36233139038086 
8 7 30.882854461669922 33.04032897949219 17.492380142211914 
8 8 32.11245346069336 36.15285873413086 19.212390899658203 
8 9 30.035743713378906 39.174781799316406 20.155500411987305 
8 10 28.620742797851563 39.92945861816406 16.62483787536621 
8 11 30.72488784790039 37.67561340332031 14.259397506713867 
8 12 28.578533172607422 34.870765686035156 12.73733139038086 
8 13 30.244483947753906 31.98406410217285 10.752970695495605 
8 14 28.94562530517578 29.07698631286621 8.789862632751465 
8 15 29.062179565429688 25.56948471069336 10.210765838623047 
8 16 28.556961059570313 22.458284378051758 7.928169250488281 
8 17 26.732337951660156 19.956748962402344 9.974098205566406 
8 18 24.04785919189453 17.122142791748047 9.535883903503418 
8 19 23.289424896240234 14.061553955078125 11.981736183166504 
8 20 26.861858367919922 13.009542465209961 10.719720840454102 
8 21 29.810688018798828 13.723252296447754 13.184560775756836 
8 22 30.151947021484375 14.846555709838867 16.887662887573242 
8 23 30.725868225097656 18.117225646972656 18.802722930908203 
8 24 34.47932434082031 17.84542465209961 19.152324676513672 
8 25 34.52395248413086 17.39289093017578 15.361368179321289 
8 26 32.12907791137695 20.304927825927734 14.915457725524902 
8 27 34.45290756225586 22.70710563659668 16.8621883392334 
8 28 37.1151237487793 21.670028686523438 14.359634399414063 
8 29 35.01360321044922 23.167373657226563 11.530550003051758 
8 30 34.69598388671875 26.488452911376953 13.66071891784668 
8 31 38.50933074951172 26.239259719848633 14.383073806762695 
8 32 39.60452651977539 27.55777931213379 10.913748741149902 
8 33 37.02060317993164 30.428194046020508 10.940771102905273 
8 34 38.18661880493164 31.71584129333496 14.31989574432373 
8 35 41.69630813598633 30.338985443115234 15.140369415283203 
8 36 40.60894775390625 29.38134002685547 18.670106887817383 
8 37 41.516868591308594 25.653949737548828 19.375225067138672 
8 38 38.5508918762207 23.212017059326172 19.9586238861084 
8 39 39.4852180480957 22.671215057373047 23.62885284423828 
8 40 39.009010314941406 26.330799102783203 24.555374145507813 
8 41 35.78676986694336 26.48678207397461 22.619035720825195 
8 42 32.4828987121582 25.78861427307129 24.2683162689209 
8 43 29.044841766357422 25.89159393310547 22.68775749206543 
8 44 25.67850112915039 26.638404846191406 24.33438491821289 
8 45 22.017269134521484 26.443973541259766 23.161169052124023 
8 46 18.85860824584961 26.179798126220703 25.122028350830078 
8 47 19.622425079345703 23.828182220458984 28.099910736083984 
8 48 22.346343994140625 21.871971130371094 26.220003128051758 
8 49 25.857666015625 22.255191802978516 27.541980743408203 
8 50 27.77495574951172 21.328824996948242 24.230236053466797 
8 51 31.545013427734375 20.626535415649414 24.761884689331055 
8 52 33.72534942626953 17.74951934814453 23.799074172973633 
8 53 32.62535095214844 13.960186004638672 23.612525939941406 
8 54 28.928050994873047 14.738128662109375 22.8313045501709 
8 55 26.743797302246094 12.681291580200195 20.38958740234375 
8 56 23.271137237548828 12.4168062210083 18.941707611083984 
8 57 22.181636810302734 10.917152404785156 22.21695327758789 
8 58 23.321247100830078 12.946704864501953 25.309370040893555 
8 59 23.404155731201172 16.811899185180664 24.834978103637695 
8 60 22.324176788330078 15.995598793029785 21.278297424316406 
8 61 23.92633056640625 17.41988754272461 18.063175201416016 
8 62 21.52080535888672 19.26767921447754 15.773205757141113 
8 63 21.144969940185547 21.09024429321289 12.33858871459961 
8 64 18.975399017333984 24.05411720275879 11.068324089050293 
8 65 18.844097137451172 26.10715103149414 14.421892166137695 
8 66 21.554012298583984 28.593002319335938 15.482743263244629 
8 67 24.247920989990234 27.417659759521484 17.967363357543945 
8 68 26.002216339111328 29.949668884277344 20.140060424804688 
8 69 29.679950714111328 30.063159942626953 21.193567276000977 
8 70 31.254474639892578 31.09625244140625 24.589990615844727 
8 71 34.59246063232422 29.97455596923828 26.053354263305664 
8 72 36.24103546142578 27.426855087280273 28.447750091552734 
8 73 39.170230865478516 28.997089385986328 30.28218650817871 
8 74 40.9434814453125 25.59857177734375 30.34702491760254 
8 75 39.23201370239258 24.272937774658203 33.43043518066406 
8 76 36.393577575683594 26.750259399414063 33.859397888183594 
9 1 23.919517517089844 21.92650604248047 6.375690460205078 
9 2 25.39593505859375 25.351041793823242 6.764629364013672 
9 3 24.057044982910156 26.43830108642578 10.159209251403809 
9 4 24.582080841064453 29.84576988220215 11.706499099731445 
9 5 26.96550750732422 30.155288696289063 14.661605834960938 
9 6 27.679180145263672 33.377750396728516 16.532299041748047 
9 7 31.38436508178711 32.816261291503906 17.175838470458984 
9 8 32.75913619995117 36.0572395324707 18.732189178466797 
9 9 30.235187530517578 38.82406997680664 19.515058517456055 
9 10 29.319995880126953 40.59376525878906 16.189128875732422 
9 11 30.508426666259766 37.68865966796875 14.01708984375 
9 12 28.003257751464844 35.36948013305664 12.459817886352539 
9 13 29.670169830322266 32.562015533447266 10.344762802124023 
9 14 28.527751922607422 29.37398910522461 8.89256477355957 
9 15 29.176151275634766 25.871326446533203 10.411055564880371 
9 16 28.673282623291016 22.72378921508789 8.469594955444336 
9 17 26.823089599609375 19.989906311035156 10.411415100097656 
9 18 24.354148864746094 17.196758270263672 9.782207489013672 
9 19 23.93017578125 14.0592679977417 11.924800872802734 
9 20 27.564579010009766 13.249520301818848 11.046125411987305 
9 21 30.54843521118164 13.950211524963379 13.500099182128906 
9 22 31.172000885009766 14.53455924987793 17.201465606689453 
9 23 31.107940673828125 18.114513397216797 18.79143714904785 
9 24 34.966758728027344 18.25818634033203 19.120288848876953 
9 25 35.02122116088867 17.76668357849121 15.232793807983398 
9 26 32.14516067504883 20.351364135742188 14.788179397583008 
9 27 34.18016815185547 22.764911651611328 16.858150482177734 
9 28 37.32395553588867 22.056440353393555 14.660669326782227 
9 29 35.37263488769531 23.262914657592773 11.58355712890625 
9 30 35.33980178833008 26.58939552307129 13.597888946533203 
9 31 39.125267028808594 26.554336547851563 14.432811737060547 
9 32 40.13256072998047 27.88027000427246 10.811120986938477 
9 33 37.132144927978516 30.319490432739258 10.87103271484375 
9 34 38.2857551574707 31.968618392944336 14.1182861328125 
9 35 41.89827346801758 31.15225601196289 15.071329116821289 
9 36 40.75213623046875 29.832401275634766 18.459758758544922 
9 37 41.58530807495117 26.124191284179688 19.028329849243164 
9 38 38.6407470703125 23.827848434448242 19.49898338317871 
9 39 39.31342315673828 22.94768524169922 23.17844009399414 
9 40 38.89063262939453 26.5794734954834 24.32684326171875 
9 41 35.53668212890625 26.45494842529297 22.601272583007813 
9 42 32.168922424316406 25.347305297851563 24.096616744995117 
9 43 28.77625274658203 25.599443435668945 22.389060974121094 
9 44 25.5948486328125 26.466508865356445 24.163658142089844 
9 45 21.87677764892578 26.031761169433594 23.37468719482422 
9 46 18.844646453857422 25.504573822021484 25.67373275756836 
9 47 19.711666107177734 22.66504669189453 28.036880493164063 
9 48 22.451698303222656 21.693254470825195 25.684375762939453 
9 49 25.868385314941406 21.973133087158203 27.54950714111328 
9 50 27.90945053100586 21.100845336914063 24.330392837524414 
9 51 31.697002410888672 20.591211318969727 24.979171752929688 
9 52 33.42570877075195 17.458782196044922 23.806838989257813 
9 53 32.3746452331543 13.831171035766602 23.40555191040039 
9 54 28.57632064819336 14.699113845825195 22.743988037109375 
9 55 26.24102020263672 12.79991340637207 20.23622703552246 
9 56 22.53281021118164 12.325546264648438 19.485477447509766 
9 57 20.358781814575195 11.188079833984375 22.536964416503906 
9 58 22.66576385498047 12.8839693069458 25.179119110107422 
9 59 23.225811004638672 16.643688201904297 25.197261810302734 
9 60 22.06832504272461 16.524999618530273 21.62137222290039 
9 61 23.418834686279297 17.73196029663086 18.267854690551758 
9 62 21.187747955322266 19.544979095458984 15.880443572998047 
9 63 20.880067825317383 21.17560577392578 12.473823547363281 
9 64 19.293087005615234 24.327938079833984 10.901418685913086 
9 65 18.75370216369629 26.137908935546875 14.29311752319336 
9 66 21.443750381469727 28.413665771484375 15.922260284423828 
9 67 24.17013168334961 26.887001037597656 18.056650161743164 
9 68 25.839462280273438 29.689655303955078 20.045475006103516 
9 69 29.645404815673828 29.677902221679688 20.55963897705078 
9 70 31.01455307006836 30.594308853149414 23.962787628173828 
9 71 34.3604621887207 29.65414810180664 25.526369094848633 
9 72 35.978912353515625 27.441137313842773 28.17842674255371 
9 73 38.607906341552734 28.629837036132813 30.69187355041504 
9 74 41.03275680541992 25.688886642456055 30.38614845275879 
9 75 39.71396255493164 23.688236236572266 33.28209686279297 
9 76 36.494163513183594 25.55453872680664 33.73014450073242 
10 1 23.305763244628906 22.289461135864258 6.5843658447265625 
10 2 24.74538803100586 25.94548988342285 6.860507965087891 
10 3 23.597030639648438 27.206987380981445 10.268440246582031 
10 4 24.33523941040039 30.79242706298828 11.339723587036133 
10 5 26.924198150634766 30.64231300354004 14.196754455566406 
10 6 28.240806579589844 33.58859634399414 16.2152156829834 
10 7 31.905250549316406 32.89158248901367 17.366535186767578 
10 8 33.466251373291016 35.754730224609375 19.21750259399414 
10 9 31.535072326660156 38.95631408691406 20.19008445739746 
10 10 29.98324966430664 40.542747497558594 17.015989303588867 
10 11 31.175758361816406 37.91754150390625 14.568596839904785 
10 12 29.088863372802734 35.22058868408203 12.752267837524414 
10 13 29.84728240966797 32.611473083496094 10.045356750488281 
10 14 28.212230682373047 29.57231330871582 8.538820266723633 
10 15 28.810806274414063 26.056047439575195 10.064769744873047 
10 16 27.973960876464844 22.830835342407227 8.092300415039063 
10 17 26.35080337524414 20.524925231933594 10.68771743774414 
10 18 23.84625244140625 17.608356475830078 10.506816864013672 
10 19 23.304058074951172 14.563806533813477 12.988874435424805 
10 20 26.543193817138672 13.353404998779297 11.322080612182617 
10 21 29.438430786132813 14.286430358886719 13.532501220703125 
10 22 30.267581939697266 14.867616653442383 17.26267433166504 
10 23 30.696823120117188 18.290977478027344 18.812633514404297 
10 24 34.525047302246094 18.30617332458496 18.923084259033203 
10 25 34.313716888427734 17.870229721069336 15.220155715942383 
10 26 31.794391632080078 20.779155731201172 15.176905632019043 
10 27 34.39910888671875 23.190221786499023 16.767065048217773 
10 28 37.064659118652344 21.744911193847656 14.382149696350098 
10 29 34.90532302856445 23.260080337524414 11.411224365234375 
10 30 34.914371490478516 26.6852970123291 13.151742935180664 
10 31 38.759559631347656 26.458887100219727 14.011848449707031 
10 32 40.202735900878906 27.729408264160156 10.738210678100586 
10 33 37.64046096801758 30.639509201049805 11.018272399902344 
10 34 38.82851028442383 31.98676109313965 14.375848770141602 
10 35 42.43923568725586 30.905672073364258 15.143743515014648 
10 36 41.7928352355957 29.268457412719727 18.532129287719727 
10 37 41.90260696411133 25.4728946685791 19.10148811340332 
10 38 38.83284378051758 23.334321975708008 19.790979385375977 
10 39 39.54136657714844 22.96084213256836 23.545434951782227 
10 40 39.00896072387695 26.70024299621582 24.30689811706543 
10 41 35.44065856933594 26.46113395690918 22.863218307495117 
10 42 32.05823516845703 25.49045753479004 24.39701271057129 
10 43 28.769901275634766 25.539785385131836 22.35346794128418 
10 44 25.45340347290039 26.337265014648438 24.003841400146484 
10 45 21.77691650390625 25.741899490356445 22.907819747924805 
10 46 18.578296661376953 26.173580169677734 24.983505249023438 
10 47 19.385215759277344 23.427417755126953 27.57956886291504 
10 48 22.094181060791016 21.624916076660156 25.582836151123047 
10 49 25.412193298339844 22.49291229248047 27.176830291748047 
10 50 28.149799346923828 21.245580673217773 24.768550872802734 
10 51 32.01897048950195 21.217206954956055 25.093608856201172 
10 52 33.462425231933594 17.847963333129883 24.04918098449707 
10 53 32.49240493774414 14.223268508911133 24.460939407348633 
10 54 28.953445434570313 14.772172927856445 23.07923126220703 
10 55 27.292552947998047 12.314702033996582 20.62879180908203 
10 56 24.099781036376953 11.351037979125977 18.736312866210938 
10 57 22.735923767089844 9.66545295715332 21.91344451904297 
10 58 23.418697357177734 11.969285011291504 24.922962188720703 
10 59 23.058792114257813 15.711309432983398 24.51812171936035 
10 60 22.133956909179688 15.046282768249512 20.803102493286133 
10 61 23.374900817871094 16.64388656616211 17.60919952392578 
10 62 21.08432960510254 18.927751541137695 15.742910385131836 
10 63 20.693593978881836 20.383037567138672 12.346445083618164 
10 64 19.070995330810547 23.780275344848633 11.281513214111328 
10 65 18.485164642333984 24.943622589111328 14.882234573364258 
10 66 21.401643753051758 27.230010986328125 16.02316665649414 
10 67 24.07787322998047 26.656015396118164 18.60735511779785 
10 68 26.01317596435547 29.749862670898438 19.448781967163086 
10 69 29.644683837890625 30.123308181762695 20.834457397460938 
10 70 31.27493667602539 31.088754653930664 24.138811111450195 
10 71 34.566036224365234 30.084617614746094 25.822622299194336 
10 72 35.98044967651367 27.47466468811035 27.96733856201172 
10 73 38.46834945678711 28.968481063842773 30.449722290039063 
10 74 40.66950988769531 25.901931762695313 30.849613189697266 
10 75 39.004005432128906 24.21430206298828 33.87991714477539 
10 76 35.85663604736328 26.106534957885742 33.17804718017578 
11 1 23.819103240966797 22.108463287353516 5.76743221282959 
11 2 24.9256591796875 25.847938537597656 5.99177360534668 
11 3 23.862071990966797 27.20339584350586 9.347804069519043 
11 4 24.572986602783203 30.612403869628906 11.086665153503418 
11 5 26.858043670654297 30.256847381591797 14.100646018981934 
11 6 27.8558349609375 33.196224212646484 16.45430564880371 
11 7 31.605140686035156 32.75766372680664 17.318504333496094 
11 8 33.22105407714844 35.49074172973633 19.534170150756836 
11 9 31.238525390625 38.71966552734375 20.144319534301758 
11 10 29.715591430664063 40.60179901123047 17.222835540771484 
11 11 30.965911865234375 38.126953125 14.588598251342773 
11 12 28.43820571899414 35.66270065307617 12.958479881286621 
11 13 29.90294647216797 33.22908020019531 10.519718170166016 
11 14 28.708316802978516 30.00611114501953 8.792925834655762 
11 15 29.409835815429688 26.341129302978516 9.600205421447754 
11 16 28.893386840820313 23.181941986083984 7.563311576843262 
11 17 27.395225524902344 20.530040740966797 9.920645713806152 
11 18 25.09905242919922 17.572425842285156 9.732280731201172 
11 19 24.2001953125 15.816717147827148 13.037666320800781 
11 20 26.812728881835938 13.050609588623047 12.338754653930664 
11 21 29.35828399658203 15.662591934204102 13.587484359741211 
11 22 30.02234649658203 14.927179336547852 17.19107437133789 
11 23 30.6695556640625 17.93584442138672 19.362625122070313 
11 24 34.5092887878418 18.065326690673828 19.066368103027344 
11 25 34.20585632324219 17.763286590576172 15.298152923583984 
11 26 31.649036407470703 20.62133026123047 15.095829010009766 
11 27 34.18922805786133 23.08837127685547 16.667560577392578 
11 28 37.07855987548828 21.76883888244629 14.699180603027344 
11 29 35.418121337890625 23.35347557067871 11.423126220703125 
11 30 35.198883056640625 26.732219696044922 13.336357116699219 
11 31 39.03661346435547 26.722135543823242 14.102087020874023 
11 32 39.994178771972656 28.40589714050293 10.778562545776367 
11 33 37.16935729980469 31.02718734741211 11.253585815429688 
11 34 38.59569549560547 32.34373474121094 14.466609954833984 
11 35 42.16661834716797 30.987232208251953 15.120540618896484 
11 36 41.038848876953125 29.69180679321289 18.511859893798828 
11 37 41.519805908203125 25.904342651367188 18.949281692504883 
11 38 38.65142822265625 23.393665313720703 19.182130813598633 
11 39 39.216796875 22.629730224609375 22.919795989990234 
11 40 38.79026412963867 26.446470260620117 23.59981918334961 
11 41 35.34246826171875 26.466888427734375 21.95496368408203 
11 42 32.177490234375 25.519851684570313 24.003162384033203 
11 43 28.65249252319336 25.27547836303711 22.5108642578125 
11 44 25.27817153930664 26.168018341064453 24.07886505126953 
11 45 21.70738983154297 25.99588394165039 23.009248733520508 
11 46 18.627777099609375 26.44234848022461 25.29021453857422 
11 47 19.181800842285156 23.7362003326416 28.064735412597656 
11 48 21.842025756835938 21.69414520263672 26.10846710205078 
11 49 25.330795288085938 22.52395248413086 27.644573211669922 
11 50 28.085182189941406 21.176246643066406 25.33641815185547 
11 51 31.936302185058594 20.953397750854492 25.943117141723633 
11 52 33.3536491394043 17.860843658447266 24.17259407043457 
11 53 32.03523635864258 14.236197471618652 23.739412307739258 
11 54 28.37079620361328 14.383240699768066 23.38042640686035 
11 55 26.674530029296875 11.674287796020508 21.187795639038086 
11 56 23.241180419921875 11.245532989501953 19.38691520690918 
11 57 21.70444107055664 10.13432502746582 22.65547752380371 
11 58 22.753170013427734 12.07121753692627 25.734622955322266 
11 59 23.081398010253906 15.914396286010742 25.40463638305664 
11 60 22.532268524169922 15.313804626464844 21.72121810913086 
11 61 23.564682006835938 16.89896583557129 18.288196563720703 
11 62 20.979999542236328 18.779190063476563 16.053573608398438 
11 63 21.013919830322266 20.509098052978516 12.667854309082031 
11 64 19.79050064086914 23.84097671508789 11.295490264892578 
11 65 18.549755096435547 25.302078247070313 14.597199440002441 
11 66 21.610496520996094 27.292360305786133 15.685718536376953 
11 67 24.051834106445313 26.009592056274414 18.375598907470703 
11 68 25.979595184326172 29.340667724609375 19.306676864624023 
11 69 29.515491485595703 29.6872501373291 20.520891189575195 
11 70 30.686908721923828 30.38518524169922 24.050458908081055 
11 71 34.12892150878906 29.988971710205078 25.458080291748047 
11 72 36.0321159362793 27.684642791748047 27.739492416381836 
11 73 38.86603546142578 29.03301239013672 30.034875869750977 
11 74 40.598388671875 25.60843276977539 29.9350528717041 
11 75 39.57086181640625 23.92678451538086 33.171669006347656 
11 76 36.29772186279297 26.00965118408203 33.097801208496094 
12 1 23.472843170166016 21.689037322998047 6.501861572265625 
12 2 24.851688385009766 25.23407745361328 6.913352966308594 
12 3 23.674381256103516 26.641937255859375 10.266538619995117 
12 4 24.614967346191406 30.135242462158203 11.552704811096191 
12 5 27.034828186035156 30.034914016723633 14.509105682373047 
12 6 27.79378890991211 33.32009506225586 16.143930435180664 
12 7 31.449371337890625 32.829994201660156 17.066429138183594 
12 8 33.21904754638672 35.45500946044922 19.338672637939453 
12 9 31.43273162841797 38.82865524291992 19.891572952270508 
12 10 29.824203491210938 40.59296417236328 16.860164642333984 
12 11 30.89427947998047 37.84117126464844 14.49909782409668 
12 12 28.981033325195313 34.98542404174805 12.794564247131348 
12 13 29.72977066040039 32.26866912841797 10.21890926361084 
12 14 28.079288482666016 29.39494514465332 8.453714370727539 
12 15 28.95294952392578 26.002002716064453 10.07442569732666 
12 16 28.425979614257813 22.564836502075195 8.176593780517578 
12 17 26.681499481201172 20.12078857421875 10.546464920043945 
12 18 23.987712860107422 17.36463165283203 10.267684936523438 
12 19 23.385860443115234 14.640848159790039 12.89990234375 
12 20 26.839656829833984 13.345311164855957 11.641345977783203 
12 21 30.023223876953125 14.310384750366211 13.615156173706055 
12 22 30.82296371459961 14.971259117126465 17.22559356689453 
12 23 31.356067657470703 18.30922508239746 19.033660888671875 
12 24 35.10707092285156 18.16242218017578 18.96817970275879 
12 25 34.81706237792969 17.670970916748047 15.101249694824219 
12 26 32.1531867980957 20.586345672607422 14.903074264526367 
12 27 34.66358184814453 22.862342834472656 16.85964584350586 
12 28 37.51823043823242 21.783782958984375 14.476873397827148 
12 29 35.23331069946289 23.237564086914063 11.605084419250488 
12 30 35.043636322021484 26.70793914794922 13.577282905578613 
12 31 38.86416244506836 26.812034606933594 14.241287231445313 
12 32 40.073585510253906 28.346946716308594 10.90953254699707 
12 33 37.36000061035156 31.120380401611328 10.82170295715332 
12 34 38.530853271484375 32.429039001464844 14.247171401977539 
12 35 42.1071891784668 31.118558883666992 15.128376007080078 
12 36 40.87786865234375 29.68182373046875 18.484115600585938 
12 37 41.84713363647461 26.001888275146484 19.231708526611328 
12 38 38.91801452636719 23.580514907836914 19.414194107055664 
12 39 38.890174865722656 22.84648895263672 23.232177734375 
12 40 38.65324401855469 26.42105484008789 24.228839874267578 
12 41 35.358882904052734 26.21356773376465 22.3795223236084 
12 42 32.09532928466797 25.577648162841797 24.143571853637695 
12 43 28.73011016845703 25.48575210571289 22.279233932495117 
12 44 25.549163818359375 26.36630630493164 24.127134323120117 
12 45 21.85009002685547 26.460308074951172 23.466217041015625 
12 46 18.62358856201172 26.091121673583984 25.423233032226563 
12 47 19.214420318603516 23.1724853515625 27.736448287963867 
12 48 22.011737823486328 21.672039031982422 25.61066246032715 
12 49 25.407615661621094 22.477031707763672 27.214967727661133 
12 50 28.153881072998047 21.23264503479004 24.86014747619629 
12 51 31.94165802001953 21.234813690185547 25.622875213623047 
12 52 33.413185119628906 17.916568756103516 24.384157180786133 
12 53 32.231407165527344 14.26228141784668 24.05849838256836 
12 54 28.570556640625 14.595351219177246 22.968673706054688 
12 55 27.041946411132813 12.170172691345215 20.386512756347656 
12 56 23.489337921142578 11.907425880432129 18.741981506347656 
12 57 21.741954803466797 10.287626266479492 21.718990325927734 
12 58 22.845870971679688 12.129837989807129 24.985349655151367 
12 59 23.125797271728516 15.858152389526367 24.456493377685547 
12 60 22.367061614990234 15.390897750854492 20.71770668029785 
12 61 23.926719665527344 17.0545711517334 17.509193420410156 
12 62 21.328556060791016 19.065603256225586 15.654157638549805 
12 63 20.8946533203125 20.807619094848633 12.318004608154297 
12 64 19.13574981689453 24.025413513183594 11.150026321411133 
12 65 18.733654022216797 25.915687561035156 14.443779945373535 
12 66 21.285480499267578 28.35434913635254 15.92896556854248 
12 67 23.966045379638672 26.681827545166016 18.197904586791992 
12 68 25.95241928100586 29.64004135131836 19.899837493896484 
12 69 29.71923828125 29.570100784301758 20.574548721313477 
12 70 31.030563354492188 30.833248138427734 23.96120262145996 
12 71 34.29125213623047 30.042884826660156 25.70591926574707 
12 72 36.005950927734375 27.41962432861328 27.832096099853516 
12 73 38.96159362792969 28.58048439025879 29.983938217163086 
12 74 40.42113494873047 25.151485443115234 30.545379638671875 
12 75 39.01618194580078 24.725032806396484 34.02897262573242 
12 76 35.746925354003906 26.75383186340332 33.345481872558594 
13 1 23.170021057128906 22.308528900146484 6.689811706542969 
13 2 24.66375732421875 25.752073287963867 6.766622543334961 
13 3 23.714046478271484 27.51964569091797 10.035820007324219 
13 4 24.551464080810547 30.874094009399414 11.353593826293945 
13 5 26.842235565185547 30.45029067993164 14.396402359008789 
13 6 27.975982666015625 33.514793395996094 16.399856567382813 
13 7 31.64910888671875 32.7841682434082 17.45026397705078 
13 8 33.12544250488281 35.971275329589844 19.076900482177734 
13 9 31.334068298339844 39.200294494628906 19.853404998779297 
13 10 29.803436279296875 40.447078704833984 16.554443359375 
13 11 31.39337921142578 37.82299041748047 14.125444412231445 
13 12 28.945541381835938 34.99329376220703 12.89712142944336 
13 13 30.127487182617188 32.132442474365234 10.695514678955078 
13 14 28.595523834228516 29.588298797607422 8.369909286499023 
13 15 28.88013458251953 26.173786163330078 9.989513397216797 
13 16 27.98367691040039 22.831382751464844 8.541473388671875 
13 17 26.1485595703125 20.512271881103516 10.982685089111328 
13 18 24.08676528930664 17.363506317138672 10.244119644165039 
13 19 23.53646469116211 14.194652557373047 12.511625289916992 
13 20 26.95468521118164 13.142122268676758 11.238449096679688 
13 21 29.907360076904297 14.333221435546875 13.394277572631836 
13 22 30.736934661865234 14.809602737426758 17.09076499938965 
13 23 31.181385040283203 18.212526321411133 18.625415802001953 
13 24 35.13503646850586 17.93291473388672 18.959613800048828 
13 25 34.96080780029297 17.619144439697266 15.062698364257813 
13 26 32.26353073120117 20.380664825439453 14.673755645751953 
13 27 34.9892578125 22.573204040527344 16.481639862060547 
13 28 37.55078125 21.50450325012207 13.842029571533203 
13 29 35.250694274902344 23.254833221435547 11.263374328613281 
13 30 35.30350112915039 26.444808959960938 13.522226333618164 
13 31 39.05853271484375 26.22998046875 14.073287963867188 
13 32 40.17034912109375 27.634777069091797 10.611988067626953 
13 33 37.63141632080078 30.39900016784668 10.811439514160156 
13 34 38.66714859008789 31.8181209564209 14.127815246582031 
13 35 42.26289367675781 30.779155731201172 14.937511444091797 
13 36 40.9704475402832 29.6640625 18.32170867919922 
13 37 41.679473876953125 25.84347152709961 19.095176696777344 
13 38 38.778167724609375 23.33452796936035 20.13713836669922 
13 39 39.703643798828125 23.21746826171875 23.78570556640625 
13 40 38.866416931152344 26.926074981689453 24.699951171875 
13 41 35.43009567260742 26.64799690246582 23.025733947753906 
13 42 31.997089385986328 25.888748168945313 24.223752975463867 
13 43 28.669513702392578 25.852323532104492 22.26080322265625 
13 44 25.38573455810547 26.818443298339844 23.921016693115234 
13 45 21.763683319091797 26.553356170654297 23.24724578857422 
13 46 19.062725067138672 26.20036506652832 25.87425994873047 
13 47 19.531845092773438 22.542940139770508 27.154024124145508 
13 48 22.065895080566406 21.672218322753906 24.445114135742188 
13 49 25.292057037353516 22.627248764038086 26.32211685180664 
13 50 27.985416412353516 21.218822479248047 24.095760345458984 
13 51 31.819137573242188 21.181312561035156 24.89421272277832 
13 52 32.96863555908203 17.91530990600586 23.463909149169922 
13 53 32.074737548828125 14.254020690917969 23.39300537109375 
13 54 28.405670166015625 14.479240417480469 22.59036636352539 
13 55 27.052268981933594 11.821557998657227 20.243722915649414 
13 56 23.579254150390625 11.036555290222168 18.94302749633789 
13 57 22.471614837646484 9.346691131591797 22.205480575561523 
13 58 23.31201171875 11.72866439819336 25.139917373657227 
13 59 22.93716812133789 15.522619247436523 25.165239334106445 
13 60 23.251789093017578 15.128604888916016 21.40412139892578 
13 61 23.52222442626953 17.260894775390625 18.155799865722656 
13 62 20.98818588256836 19.61878776550293 16.519527435302734 
13 63 20.463695526123047 20.5279483795166 12.925687789916992 
13 64 18.912944793701172 23.841087341308594 11.584060668945313 
13 65 18.64083480834961 25.587493896484375 15.023698806762695 
13 66 21.572021484375 27.836862564086914 15.853389739990234 
13 67 24.28266143798828 27.26459503173828 18.247814178466797 
13 68 26.12164306640625 30.338077545166016 19.639978408813477 
13 69 29.6900634765625 30.004011154174805 21.055084228515625 
13 70 31.151622772216797 31.148746490478516 24.413719177246094 
13 71 34.30937194824219 29.921123504638672 26.2347354888916 
13 72 35.603607177734375 27.149215698242188 28.1429386138916 
13 73 37.818397521972656 28.884857177734375 30.63578224182129 
13 74 40.57448196411133 26.29442596435547 30.239940643310547 
13 75 39.69092559814453 24.58820152282715 33.60715103149414 
13 76 35.873382568359375 24.974807739257813 33.253196716308594 
14 1 23.219680786132813 22.028728485107422 6.682950973510742 
14 2 24.6008358001709 25.66586685180664 6.619598388671875 
14 3 23.417072296142578 26.8720703125 10.043855667114258 
14 4 24.27845001220703 30.306392669677734 11.535480499267578 
14 5 26.680870056152344 29.95621109008789 14.502464294433594 
14 6 27.808547973632813 33.010562896728516 16.552913665771484 
14 7 31.63443374633789 32.53389358520508 17.170581817626953 
14 8 33.16817855834961 35.5544548034668 18.913780212402344 
14 9 31.594161987304688 39.13533020019531 19.41791343688965 
14 10 29.019176483154297 39.922672271728516 16.577329635620117 
14 11 30.80942153930664 37.538116455078125 14.081653594970703 
14 12 28.21875 35.05268859863281 12.942848205566406 
14 13 29.775135040283203 32.32395553588867 10.742835998535156 
14 14 27.933162689208984 29.516124725341797 8.873205184936523 
14 15 28.880401611328125 26.165782928466797 10.022161483764648 
14 16 28.26262664794922 22.895832061767578 8.023296356201172 
14 17 26.663393020629883 20.730358123779297 10.592079162597656 
14 18 24.22319984436035 17.847736358642578 10.689790725708008 
14 19 23.977081298828125 14.587749481201172 12.908323287963867 
14 20 26.981489181518555 13.464029312133789 10.812042236328125 
14 21 30.130306243896484 14.443504333496094 12.848748207092285 
14 22 30.112926483154297 15.031166076660156 16.63313102722168 
14 23 30.635414123535156 18.400272369384766 18.321680068969727 
14 24 34.48990249633789 17.9910831451416 18.863136291503906 
14 25 34.888004302978516 17.641414642333984 15.020048141479492 
14 26 32.60383224487305 20.55733299255371 14.473773956298828 
14 27 34.64080810546875 22.885053634643555 16.85187530517578 
14 28 37.543216705322266 21.783693313598633 14.715087890625 
14 29 35.70580291748047 23.03402328491211 11.635616302490234 
14 30 35.600074768066406 26.45853042602539 13.50103759765625 
14 31 39.38488006591797 26.4697265625 14.355524063110352 
14 32 40.42548751831055 27.767223358154297 10.904411315917969 
14 33 37.57512283325195 30.346115112304688 10.924079895019531 
14 34 38.59613800048828 32.28627395629883 14.095146179199219 
14 35 41.97031784057617 31.01376724243164 14.824943542480469 
14 36 41.077537536621094 29.644134521484375 18.259296417236328 
14 37 41.93174743652344 26.17258071899414 19.485973358154297 
14 38 39.00571823120117 23.646839141845703 19.587825775146484 
14 39 39.342308044433594 22.776460647583008 23.247661590576172 
14 40 38.98977279663086 26.397220611572266 24.515615463256836 
14 41 35.63126754760742 26.43132781982422 22.55889892578125 
14 42 32.132057189941406 25.663406372070313 24.035429000854492 
14 43 28.688072204589844 25.624515533447266 22.096107482910156 
14 44 25.302642822265625 26.25820541381836 23.770095825195313 
14 45 21.633207321166992 26.780128479003906 22.837007522583008 
14 46 18.65191650390625 26.45197296142578 25.276966094970703 
14 47 19.600603103637695 23.50676918029785 27.605937957763672 
14 48 22.04900550842285 21.864877700805664 25.10211181640625 
14 49 25.552690505981445 22.29140853881836 26.622262954711914 
14 50 27.621139526367188 21.038314819335938 23.71953773498535 
14 51 31.51791000366211 20.547361373901367 24.03355598449707 
14 52 33.660709381103516 17.45551872253418 23.536550521850586 
14 53 32.42488098144531 13.880897521972656 23.539413452148438 
14 54 28.929363250732422 14.739679336547852 22.307052612304688 
14 55 27.334596633911133 11.827388763427734 20.30649757385254 
14 56 23.820568084716797 10.255521774291992 19.85080337524414 
14 57 22.622392654418945 9.451131820678711 23.353557586669922 
14 58 23.651487350463867 12.38888931274414 25.61320686340332 
14 59 22.991878509521484 16.135988235473633 24.9700927734375 
14 60 23.68039321899414 15.271480560302734 21.350805282592773 
14 61 23.736347198486328 17.036808013916016 17.954378128051758 
14 62 21.31106185913086 19.622041702270508 16.48539924621582 
14 63 20.73084831237793 20.95119857788086 12.931291580200195 
14 64 18.911407470703125 24.098590850830078 11.61362075805664 
14 65 18.399723052978516 26.138195037841797 14.909090042114258 
14 66 21.2808837890625 28.34035873413086 15.78691291809082 
14 67 24.138002395629883 27.616535186767578 18.199966430664063 
14 68 25.986602783203125 30.18771743774414 20.245830535888672 
14 69 29.663761138916016 29.880023956298828 21.093732833862305 
14 70 31.241348266601563 30.847339630126953 24.325971603393555 
14 71 34.7846794128418 30.21951675415039 25.507648468017578 
14 72 35.564029693603516 27.381229400634766 27.717830657958984 
14 73 38.01513671875 28.63583755493164 30.52391815185547 
14 74 40.055416107177734 25.40334701538086 31.141294479370117 
14 75 38.37370300292969 23.883840560913086 34.212074279785156 
14 76 35.3083381652832 25.736175537109375 33.35563659667969 
15 1 23.363719940185547 22.06820297241211 6.000387191772461 
15 2 24.601402282714844 25.760622024536133 6.56700325012207 
15 3 24.14785385131836 26.24542808532715 10.377842903137207 
15 4 24.489776611328125 29.6185245513916 12.033023834228516 
15 5 27.263458251953125 29.28001594543457 14.716812133789063 
15 6 27.763561248779297 32.567420959472656 16.544580459594727 
15 7 31.57821273803711 32.399253845214844 17.345090866088867 
15 8 32.91383743286133 35.857208251953125 18.538183212280273 
15 9 30.777767181396484 39.042076110839844 19.1154842376709 
15 10 28.690834045410156 39.94706344604492 16.00431251525879 
15 11 30.58108139038086 37.496829986572266 13.89262580871582 
15 12 28.126808166503906 34.63194274902344 13.100677490234375 
15 13 29.59819793701172 32.116668701171875 10.72665023803711 
15 14 27.638442993164063 29.605981826782227 8.544515609741211 
15 15 29.02267074584961 26.06497573852539 8.835676193237305 
15 16 28.440692901611328 22.78276252746582 7.1211442947387695 
15 17 26.808319091796875 20.655460357666016 9.829185485839844 
15 18 24.353778839111328 17.77838134765625 10.14759349822998 
15 19 24.01810073852539 15.115334510803223 12.979055404663086 
15 20 26.56572723388672 13.158905029296875 10.858297348022461 
15 21 29.25613784790039 15.082462310791016 12.741674423217773 
15 22 29.766754150390625 14.734495162963867 16.591665267944336 
15 23 30.261859893798828 18.263652801513672 18.19273567199707 
15 24 34.09519577026367 17.81258773803711 18.477035522460938 
15 25 34.2849006652832 17.119747161865234 14.682769775390625 
15 26 32.0280647277832 20.259784698486328 14.360651016235352 
15 27 34.645259857177734 22.25208282470703 16.420318603515625 
15 28 37.560604095458984 21.150089263916016 14.158607482910156 
15 29 35.663368225097656 22.877731323242188 11.342491149902344 
15 30 35.19480895996094 25.98236846923828 13.627897262573242 
15 31 39.01274490356445 26.105525970458984 14.581838607788086 
15 32 40.602294921875 27.669824600219727 11.440336227416992 
15 33 37.692440032958984 30.179527282714844 10.848770141601563 
15 34 38.31340408325195 31.908061981201172 14.108686447143555 
15 35 41.73895263671875 31.285493850708008 15.676258087158203 
15 36 40.07893753051758 30.102327346801758 18.951696395874023 
15 37 41.50313949584961 26.548038482666016 19.95090103149414 
15 38 38.72911071777344 23.756757736206055 20.099254608154297 
15 39 39.42166519165039 22.97109603881836 23.892831802368164 
15 40 38.51423263549805 26.709205627441406 24.854951858520508 
15 41 35.33633804321289 26.543712615966797 22.705810546875 
15 42 32.09352493286133 25.72390365600586 24.4335880279541 
15 43 28.935527801513672 25.778596878051758 22.1096134185791 
15 44 25.684974670410156 26.270030975341797 24.039812088012695 
15 45 22.00277328491211 26.16264533996582 22.965789794921875 
15 46 18.806743621826172 25.943071365356445 25.307498931884766 
15 47 20.15085220336914 23.385997772216797 27.905338287353516 
15 48 22.36019515991211 21.757108688354492 25.286556243896484 
15 49 25.909954071044922 22.537227630615234 26.725051879882813 
15 50 28.146305084228516 21.1048583984375 23.875532150268555 
15 51 31.89386749267578 20.482097625732422 24.265522003173828 
15 52 33.96369552612305 17.298049926757813 23.632387161254883 
15 53 32.59749221801758 13.750133514404297 23.538612365722656 
15 54 29.040733337402344 14.896142959594727 22.552492141723633 
15 55 27.097270965576172 12.307575225830078 20.33370590209961 
15 56 23.361568450927734 11.318164825439453 19.897239685058594 
15 57 22.78384017944336 9.824272155761719 23.456974029541016 
15 58 23.709346771240234 12.949019432067871 25.524137496948242 
15 59 22.961925506591797 16.54621696472168 25.11599349975586 
15 60 23.27088165283203 15.70034408569336 21.332534790039063 
15 61 23.652191162109375 17.333599090576172 17.86344337463379 
15 62 21.240962982177734 19.689138412475586 16.08565330505371 
15 63 20.92148208618164 21.284317016601563 12.583614349365234 
15 64 19.82950210571289 24.75807762145996 11.28662109375 
15 65 19.314414978027344 26.52044105529785 14.611815452575684 
15 66 21.74496078491211 28.772533416748047 16.540403366088867 
15 67 24.835765838623047 27.432456970214844 18.360960006713867 
15 68 26.224193572998047 30.051897048950195 20.452198028564453 
15 69 29.957225799560547 30.091041564941406 21.187931060791016 
15 70 31.222522735595703 31.016324996948242 24.63695526123047 
15 71 34.29990768432617 30.234418869018555 26.603614807128906 
15 72 35.575035095214844 27.284530639648438 28.559091567993164 
15 73 38.407344818115234 28.755126953125 30.687339782714844 
15 74 40.386375427246094 25.475662231445313 30.714906692504883 
15 75 38.62422561645508 23.85001564025879 33.441646575927734 
15 76 35.3922233581543 25.968059539794922 33.69908905029297 
16 1 23.67938995361328 21.72701072692871 6.288311958312988 
16 2 25.146163940429688 25.26990509033203 6.451824188232422 
16 3 24.097305297851563 25.849384307861328 10.018519401550293 
16 4 24.22411346435547 29.141572952270508 11.924954414367676 
16 5 27.052322387695313 29.41110610961914 14.598348617553711 
16 6 27.442440032958984 32.47098922729492 16.662460327148438 
16 7 31.179431915283203 32.37447738647461 17.288148880004883 
16 8 32.50779724121094 35.57077407836914 18.90137481689453 
16 9 30.53384017944336 38.625030517578125 19.848270416259766 
16 10 28.849430084228516 39.787471771240234 16.67780876159668 
16 11 30.362071990966797 37.188961029052734 14.41536808013916 
16 12 27.93775177001953 34.695289611816406 12.972052574157715 
16 13 29.141643524169922 32.14666748046875 10.393636703491211 
16 14 27.72637176513672 29.506179809570313 8.080865859985352 
16 15 29.213497161865234 26.088489532470703 8.979711532592773 
16 16 28.831016540527344 22.56715965270996 7.557681083679199 
16 17 27.10137939453125 20.241355895996094 10.121853828430176 
16 18 24.752429962158203 17.30929946899414 9.210928916931152 
16 19 24.127986907958984 13.94468879699707 11.1235933303833 
16 20 27.766036987304688 12.902070045471191 10.216160774230957 
16 21 29.33257293701172 14.964380264282227 12.951774597167969 
16 22 29.972354888916016 14.69202709197998 16.719829559326172 
16 23 30.603168487548828 17.97256851196289 18.519397735595703 
16 24 34.39357376098633 17.7308292388916 18.806777954101563 
16 25 34.187828063964844 17.633275985717773 15.037035942077637 
16 26 31.841766357421875 20.745588302612305 14.781082153320313 
16 27 34.35172653198242 22.646141052246094 17.057373046875 
16 28 37.25882339477539 21.482769012451172 14.926117897033691 
16 29 35.35654830932617 22.858718872070313 11.87831974029541 
16 30 35.13418197631836 26.297443389892578 13.541213035583496 
16 31 38.8071403503418 26.408966064453125 14.298157691955566 
16 32 40.28068923950195 27.81426429748535 10.932110786437988 
16 33 37.26613235473633 30.282875061035156 10.61416244506836 
16 34 38.33344650268555 31.913013458251953 13.989279747009277 
16 35 41.80775833129883 31.117938995361328 15.410605430603027 
16 36 40.3650016784668 29.55393409729004 18.609024047851563 
16 37 41.261497497558594 25.873241424560547 19.132675170898438 
16 38 38.498992919921875 23.38202667236328 19.94722557067871 
16 39 39.49570083618164 22.538734436035156 23.63174819946289 
16 40 38.92191696166992 26.202253341674805 24.666934967041016 
16 41 35.746334075927734 26.2857723236084 22.502044677734375 
16 42 32.41345977783203 25.55147361755371 24.246877670288086 
16 43 29.0203857421875 25.728267669677734 22.4602108001709 
16 44 25.755962371826172 26.580610275268555 24.281558990478516 
16 45 22.002811431884766 26.775009155273438 23.4283390045166 
16 46 19.030433654785156 26.500572204589844 25.737897872924805 
16 47 19.444734573364258 23.15446662902832 27.70054817199707 
16 48 22.023967742919922 21.769813537597656 25.471233367919922 
16 49 25.713329315185547 22.28124237060547 26.772579193115234 
16 50 27.976932525634766 21.079105377197266 24.04088592529297 
16 51 31.67019271850586 20.333850860595703 24.41209602355957 
16 52 33.517906188964844 17.103214263916016 23.950260162353516 
16 53 32.04863357543945 13.51937484741211 23.724475860595703 
16 54 28.756385803222656 14.7861967086792 22.550838470458984 
16 55 27.111827850341797 12.64893627166748 20.113933563232422 
16 56 23.64483642578125 11.637227058410645 18.78750228881836 
16 57 22.104663848876953 10.603609085083008 22.193328857421875 
16 58 23.479869842529297 12.764589309692383 25.089664459228516 
16 59 22.973342895507813 16.5855712890625 25.320064544677734 
16 60 23.313739776611328 15.924896240234375 21.56082534790039 
16 61 23.680248260498047 17.381254196166992 17.989295959472656 
16 62 22.034698486328125 20.58348846435547 16.66873550415039 
16 63 21.51479721069336 21.599536895751953 13.074684143066406 
16 64 19.85567283630371 24.735416412353516 11.284791946411133 
16 65 19.07843017578125 26.829940795898438 14.413200378417969 
16 66 21.600910186767578 29.199901580810547 16.125991821289063 
16 67 24.519161224365234 27.697425842285156 18.182209014892578 
16 68 26.11444091796875 30.12450408935547 20.67363739013672 
16 69 29.800350189208984 29.666645050048828 21.14862060546875 
16 70 31.16651153564453 30.615711212158203 24.553943634033203 
16 71 34.557647705078125 29.76198959350586 26.007408142089844 
16 72 35.91246795654297 27.318023681640625 28.39909553527832 
16 73 38.47659683227539 29.050247192382813 30.588289260864258 
16 74 40.8143196105957 26.00541114807129 30.343215942382813 
16 75 39.3113899230957 24.596105575561523 33.52064514160156 
16 76 35.980892181396484 26.27242660522461 33.79075622558594 
17 1 23.779815673828125 22.09771728515625 6.087903022766113 
17 2 24.673763275146484 25.783981323242188 6.614065170288086 
17 3 23.708877563476563 26.2661075592041 10.216276168823242 
17 4 23.818233489990234 29.650768280029297 11.971556663513184 
17 5 26.738479614257813 29.946796417236328 14.273192405700684 
17 6 27.61013412475586 32.95042419433594 16.36820411682129 
17 7 31.453155517578125 32.427406311035156 16.885377883911133 
17 8 33.38037872314453 35.03540802001953 18.981525421142578 
17 9 31.396018981933594 38.31232833862305 19.405935287475586 
17 10 28.52157974243164 38.95781326293945 16.943370819091797 
17 11 30.538433074951172 37.281124114990234 14.230825424194336 
17 12 27.975452423095703 34.958580017089844 12.464252471923828 
17 13 29.49736785888672 32.184635162353516 10.32289981842041 
17 14 27.356834411621094 29.748836517333984 8.149209022521973 
17 15 28.678722381591797 26.408796310424805 9.440611839294434 
17 16 28.593006134033203 23.027971267700195 7.532232284545898 
17 17 27.221107482910156 20.745773315429688 10.272754669189453 
17 18 25.106014251708984 17.61683464050293 9.849295616149902 
17 19 24.665206909179688 14.410186767578125 12.094849586486816 
17 20 27.94023895263672 12.857158660888672 10.875809669494629 
17 21 29.646575927734375 15.352892875671387 13.135512351989746 
17 22 30.029743194580078 15.23886489868164 16.995384216308594 
17 23 30.61703109741211 18.506553649902344 19.031248092651367 
17 24 34.38713836669922 18.318477630615234 18.890480041503906 
17 25 33.99701690673828 17.807540893554688 15.003244400024414 
17 26 31.824081420898438 20.871013641357422 14.760562896728516 
17 27 34.37832260131836 23.019880294799805 16.77375030517578 
17 28 37.07431411743164 21.541141510009766 14.508752822875977 
17 29 35.335575103759766 23.02044105529785 11.399314880371094 
17 30 35.03318786621094 26.366029739379883 13.433100700378418 
17 31 38.73347854614258 26.296001434326172 14.551349639892578 
17 32 40.64265823364258 27.596364974975586 11.464485168457031 
17 33 37.86299133300781 30.422927856445313 10.548299789428711 
17 34 38.59904098510742 31.971324920654297 14.035933494567871 
17 35 42.120182037353516 30.751022338867188 15.075316429138184 
17 36 40.81195068359375 29.04718017578125 18.248294830322266 
17 37 41.57174301147461 25.48846435546875 19.332172393798828 
17 38 38.520652770996094 23.21794891357422 19.918079376220703 
17 39 39.519554138183594 22.718116760253906 23.535186767578125 
17 40 39.01932907104492 26.4351749420166 24.303226470947266 
17 41 35.584693908691406 26.122360229492188 22.588682174682617 
17 42 32.12822341918945 25.48383140563965 24.224185943603516 
17 43 28.883380889892578 25.420196533203125 22.366649627685547 
17 44 25.476699829101563 26.046234130859375 24.04397201538086 
17 45 21.77688217163086 26.287994384765625 23.377399444580078 
17 46 18.79904556274414 25.45538330078125 25.810855865478516 
17 47 19.153160095214844 22.056270599365234 27.469573974609375 
17 48 22.246734619140625 21.501712799072266 25.255706787109375 
17 49 25.403385162353516 22.355859756469727 27.262855529785156 
17 50 28.183002471923828 21.059772491455078 25.081302642822266 
17 51 31.98727035522461 21.116689682006836 25.458106994628906 
17 52 33.28251266479492 17.739774703979492 24.168731689453125 
17 53 32.068695068359375 14.090017318725586 24.55628204345703 
17 54 28.567890167236328 14.740518569946289 23.374164581298828 
17 55 27.361133575439453 12.410242080688477 20.640342712402344 
17 56 24.22289276123047 11.719498634338379 18.604839324951172 
17 57 22.06503677368164 10.679912567138672 21.645774841308594 
17 58 22.817646026611328 12.531393051147461 25.029438018798828 
17 59 22.546215057373047 16.297903060913086 25.08245086669922 
17 60 23.484539031982422 15.775145530700684 21.390159606933594 
17 61 23.954120635986328 17.805362701416016 18.26081085205078 
17 62 21.706890106201172 20.307514190673828 16.51382064819336 
17 63 21.049041748046875 21.402124404907227 12.811225891113281 
17 64 19.847352981567383 24.76466941833496 11.261550903320313 
17 65 19.048513412475586 26.690086364746094 14.499578475952148 
17 66 21.55541229248047 28.373777389526367 16.585874557495117 
17 67 24.643970489501953 26.88602066040039 18.354942321777344 
17 68 26.199169158935547 29.762516021728516 20.381057739257813 
17 69 29.995162963867188 29.493181228637695 20.96554946899414 
17 70 31.187503814697266 30.83465576171875 24.32589340209961 
17 71 34.536651611328125 30.0960750579834 25.91513442993164 
17 72 35.77280044555664 27.24827766418457 28.084327697753906 
17 73 38.18185806274414 29.11216163635254 30.451339721679688 
17 74 40.49215316772461 25.99715805053711 30.121803283691406 
17 75 38.99671936035156 24.690196990966797 33.52317810058594 
17 76 35.43705368041992 25.964807510375977 33.049049377441406 
18 1 23.32741928100586 21.67977523803711 6.09971809387207 
18 2 24.967525482177734 25.135438919067383 6.417228698730469 
18 3 24.041410446166992 25.94399642944336 10.06519889831543 
18 4 24.120891571044922 29.235599517822266 11.850435256958008 
18 5 26.75826644897461 29.393470764160156 14.642471313476563 
18 6 27.601280212402344 32.56637954711914 16.576480865478516 
18 7 31.423274993896484 32.12369918823242 17.1934814453125 
18 8 32.6595458984375 35.30342483520508 18.80712890625 
18 9 30.667905807495117 38.50635528564453 19.475284576416016 
18 10 29.30313491821289 40.00758361816406 16.27234649658203 
18 11 30.65029525756836 37.00345230102539 14.26125717163086 
18 12 27.967878341674805 34.56364440917969 12.840046882629395 
18 13 29.379236221313477 31.959896087646484 10.497173309326172 
18 14 28.018404006958008 29.224124908447266 8.056262969970703 
18 15 29.254682540893555 25.731250762939453 8.62089729309082 
18 16 28.442413330078125 22.355287551879883 7.079681396484375 
18 17 26.833208084106445 20.27456283569336 9.956356048583984 
18 18 24.46568489074707 17.299484252929688 9.653484344482422 
18 19 24.3807373046875 13.962032318115234 11.874249458312988 
18 20 27.85383415222168 12.669795989990234 10.5521240234375 
18 21 29.3408260345459 15.113899230957031 12.951390266418457 
18 22 30.027732849121094 15.035001754760742 16.726661682128906 
18 23 30.412925720214844 18.362937927246094 18.45294761657715 
18 24 34.23322677612305 17.972984313964844 18.861064910888672 
18 25 34.446624755859375 17.49652862548828 15.064105987548828 
18 26 32.33512496948242 20.723459243774414 14.790987014770508 
18 27 34.890594482421875 22.622146606445313 17.084373474121094 
18 28 37.71525955200195 21.371173858642578 14.937426567077637 
18 29 35.941650390625 22.721664428710938 11.880866050720215 
18 30 35.46229553222656 26.12354278564453 13.771008491516113 
18 31 39.30194091796875 26.453983306884766 14.564281463623047 
18 32 40.68928146362305 28.02153778076172 11.267205238342285 
18 33 37.755165100097656 30.472206115722656 10.815387725830078 
18 34 38.524078369140625 32.11138153076172 14.003101348876953 
18 35 41.91725540161133 31.253711700439453 15.66689395904541 
18 36 40.10917282104492 29.760459899902344 18.642391204833984 
18 37 41.576271057128906 26.236988067626953 19.536821365356445 
18 38 38.77933120727539 23.669279098510742 19.745500564575195 
18 39 39.33021926879883 22.79051971435547 23.480775833129883 
18 40 38.77582931518555 26.53500747680664 24.45517349243164 
18 41 35.47621154785156 26.419055938720703 22.45699691772461 
18 42 32.07402420043945 25.452423095703125 24.05211639404297 
18 43 28.5394287109375 25.740318298339844 22.572582244873047 
18 44 25.354001998901367 26.53207778930664 24.687585830688477 
18 45 21.5339298248291 26.401954650878906 24.05980110168457 
18 46 18.514942169189453 25.656917572021484 26.211421966552734 
18 47 19.455448150634766 22.74125862121582 28.46454620361328 
18 48 22.10579490661621 21.830448150634766 25.953916549682617 
18 49 25.7329158782959 22.06427764892578 27.28974723815918 
18 50 27.951641082763672 21.15070915222168 24.314136505126953 
18 51 31.711063385009766 20.46908950805664 24.481685638427734 
18 52 33.44953918457031 17.163562774658203 23.71933364868164 
18 53 32.044857025146484 13.570196151733398 23.690616607666016 
18 54 28.788930892944336 15.046165466308594 22.46951675415039 
18 55 27.013126373291016 12.782278060913086 19.895915985107422 
18 56 23.313505172729492 11.987360000610352 18.762924194335938 
18 57 22.414865493774414 10.58929443359375 22.28236198425293 
18 58 23.348520278930664 12.988962173461914 25.007930755615234 
18 59 22.882129669189453 16.65705680847168 25.09705352783203 
18 60 23.519493103027344 16.158498764038086 21.42901611328125 
18 61 23.376556396484375 17.79149055480957 17.916099548339844 
18 62 21.39942169189453 20.72500228881836 16.609155654907227 
18 63 20.961315155029297 21.384437561035156 12.901931762695313 
18 64 20.02252769470215 24.80561065673828 11.34152603149414 
18 65 19.08502960205078 26.863208770751953 14.439323425292969 
18 66 21.528823852539063 28.89605712890625 16.27928924560547 
18 67 24.481403350830078 27.373950958251953 18.19263458251953 
18 68 25.845666885375977 29.844078063964844 20.630847930908203 
18 69 29.62716293334961 29.57604217529297 21.025489807128906 
18 70 31.369293212890625 30.667903900146484 24.207780838012695 
18 71 34.72465515136719 29.84249496459961 25.837963104248047 
18 72 35.70922088623047 27.3631591796875 28.229461669921875 
18 73 38.32731628417969 28.977481842041016 30.578325271606445 
18 74 40.665016174316406 26.012466430664063 30.461898803710938 
18 75 39.461524963378906 24.711517333984375 33.937965393066406 
18 76 36.07435607910156 26.24134063720703 33.596763610839844 
19 1 23.20673370361328 21.61695098876953 6.402067184448242 
19 2 24.274675369262695 25.170820236206055 7.179388046264648 
19 3 23.861921310424805 25.875324249267578 10.958465576171875 
19 4 24.150001525878906 29.32574462890625 12.447711944580078 
19 5 27.00568389892578 29.86444091796875 14.904508590698242 
19 6 27.562780380249023 33.210262298583984 16.683677673339844 
19 7 31.206647872924805 32.954410552978516 17.375490188598633 
19 8 32.50813293457031 36.109214782714844 18.891115188598633 
19 9 30.695999145507813 39.54412078857422 19.348560333251953 
19 10 28.857507705688477 40.29478073120117 16.020492553710938 
19 11 30.422203063964844 37.570343017578125 13.772537231445313 
19 12 28.00784683227539 34.72359848022461 12.843509674072266 
19 13 29.522146224975586 32.02033996582031 10.743675231933594 
19 14 27.267257690429688 29.384212493896484 8.975842475891113 
19 15 28.996179580688477 25.974224090576172 8.980853080749512 
19 16 28.3488712310791 22.663330078125 7.200490951538086 
19 17 27.23444175720215 20.077255249023438 9.681411743164063 
19 18 24.805482864379883 17.099998474121094 9.576438903808594 
19 19 24.7890682220459 14.115228652954102 12.083245277404785 
19 20 28.075584411621094 12.780818939208984 10.68753719329834 
19 21 29.392789840698242 15.415254592895508 13.18401050567627 
19 22 30.27950096130371 14.934318542480469 16.822158813476563 
19 23 30.81104850769043 18.338600158691406 18.537643432617188 
19 24 34.65522766113281 17.943340301513672 18.654382705688477 
19 25 34.401832580566406 17.63869857788086 14.857908248901367 
19 26 32.18265151977539 20.89590835571289 14.674017906188965 
19 27 34.60736846923828 22.83506202697754 16.887710571289063 
19 28 37.684837341308594 21.56021499633789 14.987398147583008 
19 29 36.08546447753906 22.896421432495117 11.611730575561523 
19 30 35.507102966308594 26.150402069091797 13.44278621673584 
19 31 39.271690368652344 26.314435958862305 14.453508377075195 
19 32 40.72221374511719 28.113189697265625 11.412216186523438 
19 33 37.5526123046875 30.165481567382813 10.89018440246582 
19 34 38.167076110839844 31.970523834228516 14.113112449645996 
19 35 41.80316925048828 31.170066833496094 15.186763763427734 
19 36 40.728607177734375 29.245014190673828 18.21023941040039 
19 37 41.643516540527344 25.610687255859375 19.14382553100586 
19 38 38.69291687011719 23.20440673828125 19.522356033325195 
19 39 39.23129653930664 22.511919021606445 23.232698440551758 
19 40 38.86909866333008 26.23309898376465 24.26143455505371 
19 41 35.4771842956543 26.479005813598633 22.556182861328125 
19 42 32.28788757324219 25.717899322509766 24.410144805908203 
19 43 28.686382293701172 26.012483596801758 22.841506958007813 
19 44 25.362133026123047 26.95133399963379 24.658611297607422 
19 45 21.803712844848633 26.621070861816406 23.293550491333008 
19 46 18.512985229492188 25.895706176757813 25.076753616333008 
19 47 19.143917083740234 22.33574676513672 26.53942108154297 
19 48 22.419532775878906 21.825225830078125 24.794391632080078 
19 49 25.295257568359375 23.005901336669922 27.157115936279297 
19 50 28.19382095336914 21.53710174560547 25.193620681762695 
19 51 31.940385818481445 20.888757705688477 25.831501007080078 
19 52 33.49848556518555 17.916175842285156 23.9312686920166 
19 53 32.284523010253906 14.33431625366211 23.43193817138672 
19 54 28.597232818603516 14.717981338500977 22.575925827026367 
19 55 26.944570541381836 12.44039535522461 19.995458602905273 
19 56 23.37015724182129 11.326794624328613 19.299758911132813 
19 57 22.235849380493164 10.610464096069336 22.817489624023438 
19 58 23.051721572875977 12.828786849975586 25.734647750854492 
19 59 22.41222381591797 16.537464141845703 24.70238494873047 
19 60 23.285533905029297 15.675020217895508 21.126750946044922 
19 61 24.098663330078125 17.336050033569336 17.780662536621094 
19 62 21.915151596069336 20.068941116333008 16.029762268066406 
19 63 21.03118133544922 20.954139709472656 12.46828556060791 
19 64 19.583948135375977 24.181690216064453 10.92346477508545 
19 65 19.083175659179688 26.33770751953125 14.131365776062012 
19 66 21.38981056213379 28.679309844970703 16.233760833740234 
19 67 24.381399154663086 27.532733917236328 18.482532501220703 
19 68 26.04770278930664 30.294677734375 20.54593276977539 
19 69 29.76187515258789 29.931835174560547 21.116622924804688 
19 70 31.226730346679688 30.837360382080078 24.619672775268555 
19 71 34.60056686401367 29.718067169189453 26.13568687438965 
19 72 36.06573486328125 27.069473266601563 28.40372085571289 
19 73 38.671852111816406 28.430755615234375 30.787572860717773 
19 74 41.152984619140625 25.519514083862305 30.316831588745117 
19 75 39.74614715576172 24.28951644897461 33.733421325683594 
19 76 36.13860321044922 25.43611717224121 33.62648010253906 
20 1 23.20673370361328 21.61695098876953 6.402067184448242 
20 2 24.274675369262695 25.170820236206055 7.179388046264648 
20 3 23.861921310424805 25.875324249267578 10.958465576171875 
20 4 24.150001525878906 29.32574462890625 12.447711944580078 
20 5 27.00568389892578 29.86444091796875 14.904508590698242 
20 6 27.562780380249023 33.210262298583984 16.683677673339844 
20 7 31.206647872924805 32.954410552978516 17.375490188598633 
20 8 32.50813293457031 36.109214782714844 18.891115188598633 
20 9 30.695999145507813 39.54412078857422 19.348560333251953 
20 10 28.857507705688477 40.29478073120117 16.020492553710938 
20 11 30.422203063964844 37.570343017578125 13.772537231445313 
20 12 28.00784683227539 34.72359848022461 12.843509674072266 
20 13 29.522146224975586 32.02033996582031 10.743675231933594 
20 14 27.267257690429688 29.384212493896484 8.975842475891113 
20 15 28.996179580688477 25.974224090576172 8.980853080749512 
20 16 28.3488712310791 22.663330078125 7.200490951538086 
20 17 27.23444175720215 20.077255249023438 9.681411743164063 
20 18 24.805482864379883 17.099998474121094 9.576438903808594 
20 19 24.7890682220459 14.115228652954102 12.083245277404785 
20 20 28.075584411621094 12.780818939208984 10.68753719329834 
20 21 29.392789840698242 15.415254592895508 13.18401050567627 
20 22 30.27950096130371 14.934318542480469 16.822158813476563 
20 23 30.81104850769043 18.338600158691406 18.537643432617188 
20 24 34.65522766113281 17.943340301513672 18.654382705688477 
20 25 34.401832580566406 17.63869857788086 14.857908248901367 
20 26 32.18265151977539 20.89590835571289 14.674017906188965 
20 27 34.60736846923828 22.83506202697754 16.887710571289063 
20 28 37.684837341308594 21.56021499633789 14.987398147583008 
20 29 36.08546447753906 22.896421432495117 11.611730575561523 
20 30 35.507102966308594 26.150402069091797 13.44278621673584 
20 31 39.271690368652344 26.314435958862305 14.453508377075195 
20 32 40.72221374511719 28.113189697265625 11.412216186523438 
20 33 37.5526123046875 30.165481567382813 10.89018440246582 
20 34 38.167076110839844 31.970523834228516 14.113112449645996 
20 35 41.80316925048828 31.170066833496094 15.186763763427734 
20 36 40.728607177734375 29.245014190673828 18.21023941040039 
20 37 41.643516540527344 25.610687255859375 19.14382553100586 
20 38 38.69291687011719 23.20440673828125 19.522356033325195 
20 39 39.23129653930664 22.511919021606445 23.232698440551758 
20 40 38.86909866333008 26.23309898376465 24.26143455505371 
20 41 35.4771842956543 26.479005813598633 22.556182861328125 
20 42 32.28788757324219 25.717899322509766 24.410144805908203 
20 43 28.686382293701172 26.012483596801758 22.841506958007813 
20 44 25.362133026123047 26.95133399963379 24.658611297607422 
20 45 21.803712844848633 26.621070861816406 23.293550491333008 
20 46 18.512985229492188 25.895706176757813 25.076753616333008 
20 47 19.143917083740234 22.33574676513672 26.53942108154297 
20 48 22.419532775878906 21.825225830078125 24.794391632080078 
20 49 25.295257568359375 23.005901336669922 27.157115936279297 
20 50 28.19382095336914 21.53710174560547 25.193620681762695 
20 51 31.940385818481445 20.888757705688477 25.831501007080078 
20 52 33.49848556518555 17.916175842285156 23.9312686920166 
20 53 32.284523010253906 14.33431625366211 23.43193817138672 
20 54 28.597232818603516 14.717981338500977 22.575925827026367 
20 55 26.944570541381836 12.44039535522461 19.995458602905273 
20 56 23.37015724182129 11.326794624328613 19.299758911132813 
20 57 22.235849380493164 10.610464096069336 22.817489624023438 
20 58 23.051721572875977 12.828786849975586 25.734647750854492 
20 59 22.41222381591797 16.537464141845703 24.70238494873047 
20 60 23.285533905029297 15.675020217895508 21.126750946044922 
20 61 24.098663330078125 17.336050033569336 17.780662536621094 
20 62 21.915151596069336 20.068941116333008 16.029762268066406 
20 63 21.03118133544922 20.954139709472656 12.46828556060791 
20 64 19.583948135375977 24.181690216064453 10.92346477508545 
20 65 19.083175659179688 26.33770751953125 14.131365776062012 
20 66 21.38981056213379 28.679309844970703 16.233760833740234 
20 67 24.381399154663086 27.532733917236328 18.482532501220703 
20 68 26.04770278930664 30.294677734375 20.54593276977539 
20 69 29.76187515258789 29.931835174560547 21.116622924804688 
20 70 31.226730346679688 30.837360382080078 24.619672775268555 
20 71 34.60056686401367 29.718067169189453 26.13568687438965 
20 72 36.06573486328125 27.069473266601563 28.40372085571289 
20 73 38.671852111816406 28.430755615234375 30.787572860717773 
20 74 41.152984619140625 25.519514083862305 30.316831588745117 
20 75 39.74614715576172 24.28951644897461 33.733421325683594 
20 76 36.13860321044922 25.43611717224121 33.62648010253906 
