1 1 29.067983627319336 26.48660659790039 5.685568332672119 
1 2 29.35263442993164 29.959827423095703 7.369411945343018 
1 3 28.347475051879883 30.5052433013916 10.959402084350586 
1 4 28.969955444335938 34.02257537841797 12.439431190490723 
1 5 30.741397857666016 35.296016693115234 15.541028022766113 
1 6 29.41785430908203 38.29706573486328 17.40960693359375 
1 7 31.135005950927734 40.28641891479492 20.148935317993164 
1 8 29.31761932373047 42.80619812011719 22.46404266357422 
1 9 32.25019454956055 45.2161750793457 21.872356414794922 
1 10 32.063594818115234 46.181602478027344 18.210926055908203 
1 11 32.377593994140625 43.358551025390625 15.75695514678955 
1 12 30.345170974731445 40.702877044677734 13.843539237976074 
1 13 32.60030746459961 38.50782012939453 11.683295249938965 
1 14 31.876989364624023 35.24739074707031 9.806649208068848 
1 15 33.53350830078125 31.833232879638672 10.388208389282227 
1 16 33.87527847290039 29.08039093017578 7.827908515930176 
1 17 33.22817611694336 25.664216995239258 9.303194999694824 
1 18 31.49713897705078 22.20124626159668 8.670293807983398 
1 19 28.613658905029297 20.42643165588379 10.736845016479492 
1 20 31.044282913208008 17.874391555786133 12.04416561126709 
1 21 33.341522216796875 20.710004806518555 13.351036071777344 
1 22 34.07369613647461 20.984153747558594 17.0787296295166 
1 23 33.606712341308594 23.910287857055664 19.51380157470703 
1 24 37.41423416137695 23.511362075805664 20.130943298339844 
1 25 38.355018615722656 23.856761932373047 16.450550079345703 
1 26 36.03335189819336 26.79850959777832 16.079368591308594 
1 27 37.63433074951172 28.52495574951172 19.158184051513672 
1 28 41.093326568603516 27.87112808227539 17.40006446838379 
1 29 40.152626037597656 29.579679489135742 14.097269058227539 
1 30 38.68092727661133 32.497352600097656 16.007675170898438 
1 31 42.185237884521484 33.097190856933594 17.64781951904297 
1 32 43.747806549072266 32.60407257080078 14.073060989379883 
1 33 41.4416389465332 35.07231903076172 12.460053443908691 
1 34 40.78193664550781 37.89884948730469 15.002384185791016 
1 35 43.48630905151367 37.02142333984375 17.615602493286133 
1 36 40.9769401550293 36.416507720947266 20.585037231445313 
1 37 42.50836944580078 33.88426971435547 23.105928421020508 
1 38 40.701995849609375 30.580873489379883 23.749553680419922 
1 39 40.47896194458008 31.073144912719727 27.565166473388672 
1 40 38.94169235229492 34.6395378112793 26.992218017578125 
1 41 36.331748962402344 33.26495361328125 24.624675750732422 
1 42 33.18199157714844 32.00224304199219 26.1855411529541 
1 43 30.68221092224121 30.454381942749023 23.804527282714844 
1 44 27.202138900756836 30.969667434692383 25.35744285583496 
1 45 24.24675750732422 28.782470703125 24.359554290771484 
1 46 20.561960220336914 28.268041610717773 25.099252700805664 
1 47 20.37320327758789 27.90874671936035 28.895231246948242 
1 48 24.041980743408203 27.275068283081055 29.715669631958008 
1 49 27.157426834106445 26.613243103027344 27.489269256591797 
1 50 29.04814910888672 24.831350326538086 24.754941940307617 
1 51 31.592039108276367 21.98017692565918 25.510168075561523 
1 52 34.888240814208984 21.60724449157715 23.683061599731445 
1 53 35.0742301940918 18.227947235107422 21.90238380432129 
1 54 31.461225509643555 18.157825469970703 20.762041091918945 
1 55 30.224130630493164 19.395572662353516 17.458297729492188 
1 56 28.092517852783203 22.05769157409668 15.703747749328613 
1 57 25.515424728393555 19.42844009399414 14.469810485839844 
1 58 25.109695434570313 17.941177368164063 18.037752151489258 
1 59 23.635953903198242 21.109216690063477 19.5091552734375 
1 60 22.147329330444336 21.58095932006836 15.99252700805664 
1 61 24.095664978027344 24.730838775634766 14.765223503112793 
1 62 22.94455909729004 25.547481536865234 11.296584129333496 
1 63 24.380294799804688 27.637741088867188 8.488828659057617 
1 64 24.18985366821289 31.397216796875 9.062773704528809 
1 65 23.898258209228516 31.13829231262207 12.864618301391602 
1 66 25.44802474975586 33.72937774658203 15.138821601867676 
1 67 27.775543212890625 32.24894332885742 17.873010635375977 
1 68 27.528825759887695 34.09941101074219 21.216537475585938 
1 69 31.174325942993164 35.05328369140625 22.057374954223633 
1 70 31.39810562133789 36.64432144165039 25.52894401550293 
1 71 34.64134216308594 38.1752815246582 26.962491989135742 
1 72 36.0530891418457 36.29779815673828 30.048038482666016 
1 73 38.485374450683594 37.878501892089844 32.39308547973633 
1 74 40.393150329589844 35.151512145996094 34.259918212890625 
1 75 41.340885162353516 37.00768280029297 37.37846374511719 
1 76 43.40702438354492 40.116668701171875 36.48987579345703 
2 1 30.389694213867188 23.363801956176758 6.660579681396484 
2 2 30.82636833190918 26.780471801757813 8.228079795837402 
2 3 29.81948471069336 27.891389846801758 11.708296775817871 
2 4 30.139629364013672 31.284664154052734 13.426616668701172 
2 5 32.098854064941406 31.67734146118164 16.717897415161133 
2 6 31.607845306396484 34.98565673828125 18.588520050048828 
2 7 33.986366271972656 36.3868522644043 21.27203941345215 
2 8 33.429534912109375 38.97493362426758 24.088483810424805 
2 9 34.0971794128418 42.24656295776367 22.189414978027344 
2 10 32.39419937133789 40.23033142089844 19.5006046295166 
2 11 34.60622787475586 39.24357604980469 16.647016525268555 
2 12 32.78321838378906 36.911415100097656 14.376160621643066 
2 13 35.010467529296875 34.30830001831055 12.745097160339355 
2 14 33.79475784301758 31.583288192749023 10.494059562683105 
2 15 35.139442443847656 28.127229690551758 11.174887657165527 
2 16 35.406028747558594 25.244447708129883 8.79044246673584 
2 17 34.290164947509766 22.016942977905273 10.367507934570313 
2 18 32.64991760253906 18.75164794921875 9.345014572143555 
2 19 29.69821548461914 17.60585594177246 11.618762016296387 
2 20 31.81167984008789 14.68356990814209 13.017213821411133 
2 21 34.67313766479492 16.992094039916992 14.113097190856934 
2 22 34.86369323730469 17.757122039794922 17.908470153808594 
2 23 34.5195198059082 20.778852462768555 20.400789260864258 
2 24 38.17605972290039 19.916032791137695 21.385522842407227 
2 25 39.02640151977539 20.35814094543457 17.628870010375977 
2 26 36.94670867919922 23.695554733276367 17.46967124938965 
2 27 39.25728225708008 25.355798721313477 19.99416732788086 
2 28 42.40345001220703 23.870304107666016 18.42118263244629 
2 29 41.105709075927734 25.531024932861328 15.214344024658203 
2 30 40.705291748046875 28.83153533935547 17.077835083007813 
2 31 44.28159713745117 28.46042251586914 18.299325942993164 
2 32 45.58312225341797 28.050779342651367 14.660154342651367 
2 33 43.65549087524414 31.190568923950195 13.39731216430664 
2 34 43.40153503417969 33.620704650878906 16.293617248535156 
2 35 46.4030876159668 32.57096481323242 18.54827117919922 
2 36 44.26533889770508 31.916200637817383 21.572031021118164 
2 37 45.26727294921875 28.721750259399414 23.485641479492188 
2 38 42.36835479736328 26.21951675415039 24.24650764465332 
2 39 42.96123123168945 26.522701263427734 27.995676040649414 
2 40 41.91579055786133 30.163625717163086 28.064796447753906 
2 41 38.972007751464844 29.512012481689453 25.61981773376465 
2 42 35.72272872924805 28.440488815307617 27.154096603393555 
2 43 32.5595703125 27.656003952026367 25.225793838500977 
2 44 29.113628387451172 28.646739959716797 26.59444808959961 
2 45 26.11619758605957 27.04531478881836 24.85828399658203 
2 46 22.441091537475586 27.520751953125 25.986234664916992 
2 47 22.31746482849121 26.34759521484375 29.63644027709961 
2 48 25.53509521484375 24.168540954589844 29.73953628540039 
2 49 28.917415618896484 24.620391845703125 28.227466583251953 
2 50 30.046552658081055 22.745033264160156 25.01988983154297 
2 51 31.6500301361084 19.514863967895508 26.178918838500977 
2 52 35.10255432128906 18.892995834350586 24.839818954467773 
2 53 34.79923629760742 15.240865707397461 23.686452865600586 
2 54 31.356752395629883 15.442588806152344 21.961029052734375 
2 55 31.049787521362305 16.248525619506836 18.1441707611084 
2 56 28.90807342529297 18.97650909423828 16.494792938232422 
2 57 26.259183883666992 16.416919708251953 15.216294288635254 
2 58 26.202693939208984 15.071965217590332 18.812772750854492 
2 59 24.940797805786133 18.513376235961914 20.1151123046875 
2 60 23.149269104003906 19.03714370727539 16.78665542602539 
2 61 25.0736083984375 22.13206672668457 15.858439445495605 
2 62 23.6900577545166 22.84674835205078 12.297952651977539 
2 63 25.47888946533203 25.133344650268555 9.756595611572266 
2 64 26.030569076538086 28.878446578979492 10.439762115478516 
2 65 24.985198974609375 28.7137393951416 14.141340255737305 
2 66 26.67226791381836 31.076889038085938 16.554895401000977 
2 67 28.78687858581543 29.490083694458008 19.324073791503906 
2 68 29.733678817749023 31.915002822875977 22.14976692199707 
2 69 33.47007369995117 31.914831161499023 23.12580108642578 
2 70 34.448978424072266 33.28593063354492 26.629470825195313 
2 71 38.12588119506836 34.180850982666016 26.986913681030273 
2 72 39.073997497558594 33.81553649902344 30.718751907348633 
2 73 41.33061218261719 35.8168830871582 32.76731491088867 
2 74 44.044776916503906 33.776546478271484 34.570926666259766 
2 75 46.55516815185547 36.589508056640625 34.37309646606445 
2 76 48.74473571777344 36.15932846069336 31.32853126525879 
3 1 30.00811767578125 24.82073211669922 5.5125579833984375 
3 2 30.38898468017578 28.033655166625977 7.456271648406982 
3 3 29.568857192993164 28.72953224182129 11.074579238891602 
3 4 30.468994140625 31.586383819580078 13.320075988769531 
3 5 32.56849670410156 31.368045806884766 16.441980361938477 
3 6 32.33797836303711 34.39067459106445 18.78911781311035 
3 7 35.108604431152344 34.94789123535156 21.27358055114746 
3 8 34.86333465576172 35.94344711303711 25.06251335144043 
3 9 36.0645866394043 39.51121139526367 24.165714263916016 
3 10 34.225521087646484 39.9769287109375 20.95209503173828 
3 11 35.95704650878906 38.68861770629883 17.776575088500977 
3 12 33.68209457397461 36.88746643066406 15.25556755065918 
3 13 35.5740966796875 34.36253356933594 13.217625617980957 
3 14 34.39459228515625 32.83183670043945 9.892949104309082 
3 15 35.05343246459961 29.127098083496094 10.586614608764648 
3 16 34.40561294555664 26.383432388305664 8.01187515258789 
3 17 33.814605712890625 22.75644302368164 9.11196517944336 
3 18 32.26931381225586 19.514610290527344 7.996272087097168 
3 19 29.371416091918945 17.77361297607422 9.890549659729004 
3 20 31.064729690551758 14.379782676696777 9.414511680603027 
3 21 33.817710876464844 14.985217094421387 11.91921615600586 
3 22 33.964996337890625 15.669828414916992 15.7939453125 
3 23 33.70062255859375 18.715862274169922 18.114336013793945 
3 24 37.29671859741211 17.88399314880371 19.09320831298828 
3 25 38.114498138427734 18.819732666015625 15.497100830078125 
3 26 36.18193054199219 22.20978546142578 15.789623260498047 
3 27 38.52372360229492 23.05240821838379 18.610822677612305 
3 28 41.46733093261719 22.16097640991211 16.344947814941406 
3 29 40.228153228759766 24.609251022338867 13.599698066711426 
3 30 40.01676559448242 27.49282455444336 16.16643524169922 
3 31 43.47507858276367 26.690380096435547 17.49559783935547 
3 32 44.75603103637695 26.690086364746094 13.875066757202148 
3 33 43.1590576171875 30.241647720336914 13.013460159301758 
3 34 43.721702575683594 32.02962875366211 16.408435821533203 
3 35 46.55999755859375 30.468727111816406 18.502687454223633 
3 36 43.96294021606445 29.44938850402832 21.06005859375 
3 37 45.11948013305664 26.18414306640625 22.94566535949707 
3 38 42.23129653930664 23.62287139892578 23.510408401489258 
3 39 42.95759582519531 23.713436126708984 27.2292537689209 
3 40 41.77964782714844 27.41402244567871 27.129610061645508 
3 41 38.75818634033203 26.63565444946289 24.94512939453125 
3 42 35.18732833862305 25.666872024536133 26.162160873413086 
3 43 32.55508804321289 25.801223754882813 23.456104278564453 
3 44 28.912702560424805 26.201763153076172 24.3448429107666 
3 45 26.057910919189453 25.544418334960938 21.75356674194336 
3 46 23.420978546142578 27.70301628112793 23.34720230102539 
3 47 22.413745880126953 26.07037353515625 26.642749786376953 
3 48 24.369882583618164 22.817344665527344 26.24152374267578 
3 49 28.139894485473633 22.37227439880371 26.181846618652344 
3 50 29.33811378479004 20.506147384643555 23.058643341064453 
3 51 31.181751251220703 17.20345687866211 24.09855842590332 
3 52 34.61481475830078 16.717144012451172 22.308170318603516 
3 53 34.560630798339844 13.150629043579102 20.844091415405273 
3 54 30.897411346435547 13.53421401977539 19.728574752807617 
3 55 30.03045082092285 14.412849426269531 16.155149459838867 
3 56 28.376916885375977 17.654741287231445 14.929763793945313 
3 57 25.491989135742188 15.70708179473877 13.411786079406738 
3 58 24.66376304626465 14.20457649230957 16.74546241760254 
3 59 24.059701919555664 17.75676727294922 18.09971809387207 
3 60 22.604251861572266 18.743820190429688 14.603629112243652 
3 61 24.79913330078125 21.79270362854004 14.064083099365234 
3 62 23.9891357421875 23.41343116760254 10.754716873168945 
3 63 25.099241256713867 26.34779930114746 8.584750175476074 
3 64 25.652000427246094 29.921245574951172 9.869050979614258 
3 65 25.089359283447266 28.997798919677734 13.604350090026855 
3 66 27.22536849975586 30.913312911987305 16.03734016418457 
3 67 28.890039443969727 28.77014923095703 18.672590255737305 
3 68 30.060720443725586 30.578210830688477 21.815959930419922 
3 69 33.63838195800781 30.490928649902344 23.032255172729492 
3 70 34.21683883666992 30.663108825683594 26.906030654907227 
3 71 37.91484451293945 31.08658790588379 27.83153533935547 
3 72 39.65149688720703 30.80430030822754 31.220951080322266 
3 73 42.80489730834961 29.71280288696289 33.033111572265625 
3 74 42.46046447753906 26.521949768066406 35.06972122192383 
3 75 45.634456634521484 26.201885223388672 37.173004150390625 
3 76 46.602149963378906 22.813701629638672 35.82564163208008 
4 1 30.556663513183594 25.506492614746094 4.209198474884033 
4 2 31.86020278930664 28.89861488342285 5.491572380065918 
4 3 31.250839233398438 29.90355110168457 9.113161087036133 
4 4 33.054176330566406 32.38822937011719 11.378765106201172 
4 5 34.851741790771484 32.026309967041016 14.578497886657715 
4 6 35.47407913208008 34.88953399658203 17.037057876586914 
4 7 38.54959487915039 34.77911376953125 19.44872283935547 
4 8 38.494110107421875 36.003177642822266 23.028099060058594 
4 9 39.810977935791016 39.51564407348633 22.292945861816406 
4 10 37.34557342529297 39.55906677246094 19.366771697998047 
4 11 39.31479263305664 38.76268768310547 16.19452476501465 
4 12 36.922122955322266 37.263526916503906 13.500065803527832 
4 13 38.45062255859375 34.395851135253906 11.566107749938965 
4 14 36.97358703613281 32.46965789794922 8.535191535949707 
4 15 36.46478271484375 28.649276733398438 8.896232604980469 
4 16 35.49757766723633 26.419395446777344 6.056094646453857 
4 17 34.00824737548828 23.328563690185547 7.634576320648193 
4 18 31.991891860961914 20.310436248779297 6.448338031768799 
4 19 28.413728713989258 19.511463165283203 7.81365442276001 
4 20 29.53082275390625 15.872042655944824 8.151914596557617 
4 21 32.80213165283203 16.3895320892334 10.230469703674316 
4 22 33.162288665771484 16.78717803955078 14.036407470703125 
4 23 33.63298416137695 19.515178680419922 16.663700103759766 
4 24 37.02708435058594 17.936960220336914 17.085920333862305 
4 25 37.66166305541992 18.78632354736328 13.402530670166016 
4 26 36.610687255859375 22.44597625732422 14.02086067199707 
4 27 39.286556243896484 22.9268798828125 16.833492279052734 
4 28 41.882659912109375 21.076791763305664 14.566208839416504 
4 29 41.22089385986328 23.66357421875 11.865121841430664 
4 30 41.745113372802734 26.57527732849121 14.427303314208984 
4 31 45.01897430419922 25.05530548095703 15.483963012695313 
4 32 45.99076461791992 24.704275131225586 11.741918563842773 
4 33 45.15458679199219 28.442913055419922 10.845515251159668 
4 34 46.01560592651367 30.296741485595703 14.147461891174316 
4 35 48.3893928527832 27.80809211730957 16.020206451416016 
4 36 46.4846076965332 27.839141845703125 19.30847930908203 
4 37 46.909584045410156 24.53667640686035 21.276344299316406 
4 38 43.79067611694336 22.38553237915039 21.87716293334961 
4 39 43.72099304199219 22.31184196472168 25.7252254486084 
4 40 43.12796401977539 26.090614318847656 25.70779800415039 
4 41 40.42921447753906 26.00835418701172 22.986082077026367 
4 42 36.76005935668945 25.798015594482422 24.400144577026367 
4 43 34.146263122558594 26.383861541748047 21.734262466430664 
4 44 30.83705711364746 28.071063995361328 22.73189926147461 
4 45 27.835927963256836 28.066116333007813 20.225746154785156 
4 46 25.738534927368164 30.947643280029297 21.505964279174805 
4 47 25.299110412597656 30.541723251342773 25.26447296142578 
4 48 26.457279205322266 27.061481475830078 25.781919479370117 
4 49 29.46580696105957 24.790782928466797 24.895221710205078 
4 50 29.748004913330078 22.37593650817871 21.874237060546875 
4 51 30.78693389892578 18.752443313598633 22.53398895263672 
4 52 33.85798645019531 17.335817337036133 20.50771713256836 
4 53 32.63035202026367 13.937589645385742 19.224149703979492 
4 54 29.31620216369629 15.453089714050293 17.78664779663086 
4 55 29.05803108215332 16.427448272705078 14.061821937561035 
4 56 28.306991577148438 19.90445327758789 12.820256233215332 
4 57 24.81914520263672 18.683393478393555 11.642668724060059 
4 58 24.029468536376953 17.181806564331055 15.030476570129395 
4 59 23.844850540161133 20.819438934326172 16.26673698425293 
4 60 22.71811866760254 22.238372802734375 12.962179183959961 
4 61 25.28730010986328 25.015165328979492 12.5806303024292 
4 62 24.43016815185547 27.020366668701172 9.374042510986328 
4 63 26.721763610839844 29.128032684326172 7.137228488922119 
4 64 28.357799530029297 32.5782356262207 8.351665496826172 
4 65 27.26858901977539 31.835161209106445 11.972888946533203 
4 66 29.716293334960938 32.92515563964844 14.640851974487305 
4 67 31.266056060791016 30.283721923828125 16.898122787475586 
4 68 32.76628875732422 31.861927032470703 20.054719924926758 
4 69 36.304779052734375 30.63165855407715 21.103187561035156 
4 70 36.94375991821289 30.83051300048828 24.938528060913086 
4 71 40.5870246887207 30.6549015045166 26.05524444580078 
4 72 42.06850051879883 29.802356719970703 29.34613037109375 
4 73 45.39775085449219 28.434871673583984 30.537227630615234 
4 74 45.980857849121094 25.07028579711914 31.98296546936035 
4 75 47.996700286865234 25.391027450561523 35.19276809692383 
4 76 50.725364685058594 22.842498779296875 34.14085388183594 
5 1 30.783138275146484 27.08582878112793 3.712385416030884 
5 2 31.77120590209961 30.12131690979004 5.871473789215088 
5 3 30.578643798828125 30.748779296875 9.37751579284668 
5 4 31.526304244995117 32.90074157714844 12.423015594482422 
5 5 33.013553619384766 32.0855598449707 15.777853965759277 
5 6 32.83047866821289 34.71295928955078 18.48578643798828 
5 7 35.255191802978516 34.24069595336914 21.50641441345215 
5 8 34.69614791870117 34.737709045410156 25.28548812866211 
5 9 36.10875701904297 38.23091506958008 25.406330108642578 
5 10 34.560855865478516 38.95428466796875 21.934612274169922 
5 11 36.83974075317383 38.63698196411133 18.857351303100586 
5 12 34.57767868041992 37.67383575439453 15.98615550994873 
5 13 36.70051574707031 35.31489562988281 13.919259071350098 
5 14 35.936954498291016 33.739749908447266 10.515517234802246 
5 15 36.132545471191406 30.027721405029297 9.730792045593262 
5 16 35.51860046386719 28.152053833007813 6.50990629196167 
5 17 34.21175765991211 24.602142333984375 7.1148457527160645 
5 18 32.40861511230469 21.870309829711914 5.299057483673096 
5 19 29.341421127319336 20.307235717773438 6.961498737335205 
5 20 30.513973236083984 16.749969482421875 6.490015983581543 
5 21 33.33530807495117 17.236032485961914 8.89638614654541 
5 22 32.89839553833008 17.211864471435547 12.723498344421387 
5 23 32.84043502807617 19.712543487548828 15.675758361816406 
5 24 36.027061462402344 18.20762825012207 16.89657974243164 
5 25 37.43326187133789 19.230371475219727 13.541172981262207 
5 26 36.02613830566406 22.75918960571289 13.958425521850586 
5 27 38.00576400756836 22.842308044433594 17.347637176513672 
5 28 41.054866790771484 21.513511657714844 15.53392505645752 
5 29 40.4655876159668 24.332996368408203 12.954401969909668 
5 30 40.68328857421875 27.025808334350586 15.67398738861084 
5 31 44.04117202758789 25.5581111907959 16.874204635620117 
5 32 45.172367095947266 25.35840606689453 13.111952781677246 
5 33 44.262454986572266 29.078460693359375 12.467166900634766 
5 34 44.29450225830078 31.051706314086914 15.856871604919434 
5 35 45.96440505981445 28.42591667175293 18.249740600585938 
5 36 43.42964553833008 27.73668670654297 21.042781829833984 
5 37 44.21725082397461 24.27652359008789 22.68902587890625 
5 38 41.13291931152344 21.845962524414063 22.09054183959961 
5 39 40.74873352050781 21.0697078704834 25.92437171936035 
5 40 40.22409439086914 24.93611717224121 26.613819122314453 
5 41 37.55644607543945 25.2342472076416 23.803688049316406 
5 42 33.983558654785156 24.775829315185547 24.659963607788086 
5 43 31.763914108276367 25.152658462524414 21.523609161376953 
5 44 28.349254608154297 26.468727111816406 22.46986198425293 
5 45 26.032445907592773 27.265722274780273 19.572612762451172 
5 46 22.400157928466797 27.548643112182617 20.599319458007813 
5 47 22.409687042236328 27.010822296142578 24.38908576965332 
5 48 24.08090591430664 23.700010299682617 25.37986183166504 
5 49 27.32162094116211 22.173133850097656 24.221181869506836 
5 50 27.869186401367188 20.60887908935547 20.60112953186035 
5 51 29.03731918334961 16.896724700927734 20.59119987487793 
5 52 32.664249420166016 16.580730438232422 19.43290138244629 
5 53 32.302490234375 13.707124710083008 16.936063766479492 
5 54 28.934642791748047 14.884066581726074 15.378548622131348 
5 55 28.706008911132813 16.579936981201172 11.979104042053223 
5 56 27.27342414855957 19.977556228637695 11.367813110351563 
5 57 24.74587059020996 18.344022750854492 9.020552635192871 
5 58 23.36373519897461 16.083478927612305 11.811162948608398 
5 59 22.47801971435547 19.09038734436035 14.038311958312988 
5 60 21.590993881225586 21.42709732055664 11.16423225402832 
5 61 23.909395217895508 24.387678146362305 11.651277542114258 
5 62 23.192033767700195 26.767976760864258 8.657526969909668 
5 63 25.634174346923828 28.702547073364258 6.527091979980469 
5 64 27.053030014038086 32.081634521484375 7.802160739898682 
5 65 25.68893051147461 31.256017684936523 11.36252212524414 
5 66 27.60463523864746 32.293216705322266 14.63127613067627 
5 67 28.976469039916992 29.8220272064209 17.125732421875 
5 68 30.08226776123047 31.00466537475586 20.60626983642578 
5 69 33.253780364990234 29.897920608520508 22.018308639526367 
5 70 33.74291229248047 29.541488647460938 25.734479904174805 
5 71 37.30398941040039 29.319997787475586 27.125783920288086 
5 72 37.6949577331543 27.448196411132813 30.413251876831055 
5 73 40.195884704589844 27.40046501159668 33.36852264404297 
5 74 41.918827056884766 23.925609588623047 33.428138732910156 
5 75 44.726715087890625 24.60741424560547 36.029598236083984 
5 76 47.854835510253906 23.526613235473633 34.204437255859375 
6 1 30.239681243896484 25.37338638305664 3.6930627822875977 
6 2 30.995912551879883 28.27867889404297 6.063839435577393 
6 3 29.640689849853516 28.3830623626709 9.550887107849121 
6 4 30.273109436035156 30.942054748535156 12.18806266784668 
6 5 31.38579559326172 30.265806198120117 15.88163948059082 
6 6 31.33001136779785 32.91199493408203 18.622661590576172 
6 7 33.85359191894531 32.422977447509766 21.578922271728516 
6 8 33.376644134521484 32.82718276977539 25.34661102294922 
6 9 34.61775207519531 36.510704040527344 25.53044891357422 
6 10 33.14900207519531 37.633888244628906 22.168546676635742 
6 11 35.086734771728516 36.890594482421875 18.95821762084961 
6 12 33.19414520263672 35.510581970214844 15.88443660736084 
6 13 35.366458892822266 33.17721939086914 13.882908821105957 
6 14 34.610904693603516 31.777563095092773 10.394966125488281 
6 15 34.7138786315918 27.966827392578125 10.039325714111328 
6 16 34.66870880126953 25.884729385375977 6.799382209777832 
6 17 32.91508102416992 22.459829330444336 7.340408802032471 
6 18 31.68331527709961 19.53046226501465 5.258086204528809 
6 19 28.138410568237305 18.70651626586914 6.593228340148926 
6 20 29.0750732421875 14.872281074523926 6.803013801574707 
6 21 31.983009338378906 15.370612144470215 9.299856185913086 
6 22 31.449657440185547 15.092803001403809 13.11402416229248 
6 23 31.18716812133789 17.388442993164063 16.189556121826172 
6 24 34.42971420288086 15.798161506652832 17.379379272460938 
6 25 35.808685302734375 16.977643966674805 13.956335067749023 
6 26 34.25819778442383 20.494028091430664 14.816911697387695 
6 27 36.305686950683594 20.806917190551758 17.962820053100586 
6 28 39.51840591430664 19.391273498535156 16.256397247314453 
6 29 39.13404846191406 22.100366592407227 13.646859169006348 
6 30 38.656715393066406 24.80827522277832 16.298053741455078 
6 31 41.9912223815918 23.47826385498047 17.890100479125977 
6 32 43.56873321533203 23.754419326782227 14.460651397705078 
6 33 42.63623809814453 27.465974807739258 13.88792610168457 
6 34 42.69348907470703 28.87409210205078 17.47407341003418 
6 35 44.55001449584961 26.321250915527344 19.74629020690918 
6 36 41.87375259399414 25.27449607849121 22.27821159362793 
6 37 41.884605407714844 21.699464797973633 23.501720428466797 
6 38 38.57710647583008 19.79166030883789 23.30686378479004 
6 39 38.56779479980469 19.149505615234375 27.09785270690918 
6 40 37.92626190185547 22.971851348876953 27.556106567382813 
6 41 35.69437026977539 23.32849884033203 24.481172561645508 
6 42 31.99703025817871 23.17973518371582 25.003063201904297 
6 43 29.775400161743164 23.754878997802734 21.91341781616211 
6 44 26.078100204467773 24.820703506469727 22.711578369140625 
6 45 23.523651123046875 25.472442626953125 19.834768295288086 
6 46 20.197538375854492 26.196117401123047 21.684551239013672 
6 47 20.514450073242188 24.678434371948242 25.147676467895508 
6 48 21.921613693237305 21.183780670166016 24.913211822509766 
6 49 25.673830032348633 20.388830184936523 24.873666763305664 
6 50 26.524263381958008 18.813884735107422 21.485546112060547 
6 51 27.408411026000977 15.174671173095703 21.02482795715332 
6 52 30.929931640625 14.46492862701416 19.592954635620117 
6 53 29.810434341430664 11.4694185256958 17.461013793945313 
6 54 26.932369232177734 13.114130020141602 15.646479606628418 
6 55 27.201175689697266 15.084637641906738 12.315397262573242 
6 56 26.42055892944336 18.854534149169922 11.395364761352539 
6 57 23.849443435668945 17.595903396606445 8.875288963317871 
6 58 21.966856002807617 15.523412704467773 11.658346176147461 
6 59 22.228275299072266 18.601421356201172 13.88880443572998 
6 60 20.74939727783203 20.594390869140625 10.838848114013672 
6 61 23.449678421020508 23.22910499572754 11.401460647583008 
6 62 23.49219512939453 24.45919418334961 7.8669819831848145 
6 63 25.383790969848633 27.297767639160156 6.173745632171631 
6 64 25.67531967163086 30.769670486450195 7.82311487197876 
6 65 24.87284278869629 29.190549850463867 11.235329627990723 
6 66 26.294757843017578 30.490982055664063 14.460211753845215 
6 67 27.19499969482422 27.823654174804688 16.980751037597656 
6 68 28.39525604248047 29.047943115234375 20.463239669799805 
6 69 31.72694206237793 28.09446144104004 21.929929733276367 
6 70 31.861520767211914 28.13568687438965 25.77652359008789 
6 71 35.286041259765625 27.46009635925293 27.370704650878906 
6 72 34.93046951293945 25.5726261138916 30.755977630615234 
6 73 37.24409484863281 24.962203979492188 33.69365310668945 
6 74 39.456363677978516 21.803035736083984 33.39793014526367 
6 75 41.15044403076172 21.46884536743164 36.917213439941406 
6 76 44.87712097167969 21.17144012451172 37.05867004394531 
7 1 34.107704162597656 21.309959411621094 3.247145652770996 
7 2 34.550193786621094 24.626428604125977 4.917768478393555 
7 3 32.52273178100586 25.357275009155273 8.10605239868164 
7 4 32.6099853515625 27.966571807861328 10.803802490234375 
7 5 33.490909576416016 27.746923446655273 14.404332160949707 
7 6 32.56175231933594 30.797019958496094 16.505735397338867 
7 7 34.11019515991211 31.187902450561523 20.01848793029785 
7 8 31.804920196533203 32.139366149902344 22.889551162719727 
7 9 34.4725227355957 34.742435455322266 23.93480110168457 
7 10 34.595985412597656 36.24637985229492 20.415699005126953 
7 11 36.68698501586914 34.9896240234375 17.471866607666016 
7 12 35.27274703979492 33.48678207397461 14.251114845275879 
7 13 37.43703842163086 30.981002807617188 12.48473072052002 
7 14 37.07466506958008 28.83441734313965 9.432291030883789 
7 15 37.410430908203125 24.94823455810547 9.68051815032959 
7 16 37.844661712646484 22.38616371154785 6.864597797393799 
7 17 36.51877212524414 18.90276527404785 7.780635833740234 
7 18 34.88088607788086 16.01279067993164 5.829764366149902 
7 19 31.2861328125 14.486671447753906 6.547683238983154 
7 20 33.13967514038086 11.010811805725098 6.346288204193115 
7 21 34.61232376098633 11.576986312866211 9.78000545501709 
7 22 33.47309494018555 12.30501651763916 13.307051658630371 
7 23 33.58658218383789 15.095215797424316 15.968127250671387 
7 24 36.72091293334961 13.628949165344238 17.442569732666016 
7 25 38.14027404785156 14.657841682434082 14.091039657592773 
7 26 36.56161117553711 18.292512893676758 14.481781959533691 
7 27 38.40656661987305 18.644474029541016 17.809642791748047 
7 28 41.85909652709961 17.45298957824707 16.466461181640625 
7 29 41.3313102722168 19.811147689819336 13.552655220031738 
7 30 40.697425842285156 22.645774841308594 16.103660583496094 
7 31 43.937374114990234 21.658334732055664 17.7108097076416 
7 32 45.55556106567383 21.980396270751953 14.230060577392578 
7 33 44.44746017456055 25.56675910949707 14.026529312133789 
7 34 44.68830490112305 26.943519592285156 17.525291442871094 
7 35 47.103878021240234 24.596946716308594 19.249794006347656 
7 36 44.63600540161133 23.80130958557129 22.052047729492188 
7 37 43.94532775878906 20.11809730529785 23.088478088378906 
7 38 40.65275955200195 18.131853103637695 22.55813980102539 
7 39 39.88560485839844 17.99691390991211 26.317684173583984 
7 40 38.74806213378906 21.432735443115234 26.95677947998047 
7 41 36.7131462097168 21.997343063354492 23.761260986328125 
7 42 32.843406677246094 21.641605377197266 23.7625675201416 
7 43 30.98568344116211 22.215173721313477 20.408632278442383 
7 44 27.315425872802734 23.30013084411621 20.6098690032959 
7 45 25.12738800048828 23.380048751831055 17.426666259765625 
7 46 21.79726791381836 25.301239013671875 17.95478630065918 
7 47 20.400968551635742 23.679351806640625 21.1715087890625 
7 48 22.555461883544922 20.67611312866211 21.801755905151367 
7 49 26.064123153686523 19.97466468811035 22.844972610473633 
7 50 27.666818618774414 17.473386764526367 20.372684478759766 
7 51 28.424644470214844 13.803831100463867 20.997644424438477 
7 52 31.876657485961914 12.705554962158203 19.66160774230957 
7 53 31.35026741027832 9.5514497756958 17.517446517944336 
7 54 28.619585037231445 10.949748992919922 15.277070999145508 
7 55 29.560508728027344 12.352837562561035 11.871278762817383 
7 56 28.852678298950195 15.820381164550781 10.36559009552002 
7 57 26.180233001708984 14.0819091796875 8.311126708984375 
7 58 24.564929962158203 12.485208511352539 11.4459228515625 
7 59 23.627714157104492 15.931525230407715 13.018738746643066 
7 60 23.36554718017578 17.26597023010254 9.482291221618652 
7 61 26.182388305664063 19.85991859436035 9.72767448425293 
7 62 26.664220809936523 21.010927200317383 6.106438159942627 
7 63 28.96019172668457 23.332212448120117 4.106557846069336 
7 64 28.79741668701172 26.91840934753418 5.537391185760498 
7 65 27.39394760131836 25.700942993164063 8.835369110107422 
7 66 28.04636573791504 27.622509002685547 12.088922500610352 
7 67 29.01080322265625 25.555858612060547 15.203880310058594 
7 68 29.760665893554688 27.372783660888672 18.57084083557129 
7 69 32.69498825073242 26.658666610717773 20.929630279541016 
7 70 32.396759033203125 26.626497268676758 24.764036178588867 
7 71 35.896915435791016 26.079069137573242 26.423681259155273 
7 72 35.829627990722656 24.527503967285156 29.942895889282227 
7 73 37.874534606933594 25.367813110351563 33.0992317199707 
7 74 41.404884338378906 23.9755859375 33.695823669433594 
7 75 40.631683349609375 24.075620651245117 37.36717224121094 
7 76 43.522682189941406 25.758834838867188 39.0006217956543 
8 1 33.312217712402344 22.27398109436035 3.6644322872161865 
8 2 33.793975830078125 24.77366828918457 6.508274078369141 
8 3 32.31342315673828 24.980688095092773 9.937919616699219 
8 4 32.422637939453125 27.484363555908203 12.752021789550781 
8 5 33.463687896728516 26.432674407958984 16.11526107788086 
8 6 32.9099006652832 29.014436721801758 18.901443481445313 
8 7 34.789451599121094 28.920455932617188 22.306941986083984 
8 8 33.60492706298828 29.43683624267578 25.929075241088867 
8 9 35.03996658325195 33.004295349121094 26.24765396118164 
8 10 34.2706184387207 33.94499969482422 22.669719696044922 
8 11 36.73170852661133 33.04890823364258 19.968448638916016 
8 12 35.469520568847656 31.837493896484375 16.519258499145508 
8 13 37.502197265625 28.874065399169922 15.310304641723633 
8 14 37.250492095947266 28.178913116455078 11.520426750183105 
8 15 37.48807907104492 24.42171287536621 10.977832794189453 
8 16 37.68562698364258 22.52874755859375 7.629136085510254 
8 17 35.558372497558594 19.337209701538086 7.562609672546387 
8 18 34.076866149902344 16.616518020629883 5.355065822601318 
8 19 30.742929458618164 15.091767311096191 6.356461524963379 
8 20 32.31989669799805 11.530941009521484 6.475168704986572 
8 21 34.559471130371094 12.821197509765625 9.417732238769531 
8 22 33.57475662231445 12.290946006774902 12.954636573791504 
8 23 33.07905197143555 14.379443168640137 16.086143493652344 
8 24 36.315032958984375 12.861302375793457 17.49704933166504 
8 25 38.018558502197266 14.101967811584473 14.235145568847656 
8 26 36.48600769042969 17.612939834594727 14.884121894836426 
8 27 37.86063003540039 17.78916358947754 18.46967315673828 
8 28 41.3642463684082 16.462217330932617 17.45782470703125 
8 29 41.68264389038086 18.907381057739258 14.552209854125977 
8 30 40.73938751220703 21.674789428710938 17.114160537719727 
8 31 43.70246887207031 20.269731521606445 18.999441146850586 
8 32 45.88255310058594 20.343835830688477 15.929265975952148 
8 33 44.7103385925293 24.02815055847168 15.36737060546875 
8 34 44.79800796508789 25.627042770385742 18.873777389526367 
8 35 46.68355941772461 22.996686935424805 21.04022979736328 
8 36 44.00436782836914 22.44099235534668 23.79582977294922 
8 37 43.262107849121094 19.0274600982666 25.387981414794922 
8 38 40.663631439208984 16.660770416259766 23.822057723999023 
8 39 39.708831787109375 15.776702880859375 27.439407348632813 
8 40 38.44539260864258 19.306196212768555 28.248897552490234 
8 41 36.583797454833984 20.057830810546875 24.99097442626953 
8 42 32.8524055480957 19.69753646850586 25.580842971801758 
8 43 31.020965576171875 19.87766456604004 22.23784637451172 
8 44 27.44015884399414 21.286252975463867 22.277889251708984 
8 45 25.643220901489258 21.61738395690918 18.91549301147461 
8 46 22.083253860473633 23.0289363861084 18.523149490356445 
8 47 20.99970245361328 21.751859664916992 22.045644760131836 
8 48 22.60305404663086 18.314533233642578 22.78549575805664 
8 49 26.22658348083496 17.217918395996094 23.649560928344727 
8 50 27.821298599243164 15.412837982177734 20.73386573791504 
8 51 29.063812255859375 11.885540008544922 20.808734893798828 
8 52 32.43940734863281 11.13604736328125 19.55927085876465 
8 53 32.23630905151367 8.212503433227539 17.27802848815918 
8 54 29.240873336791992 9.296530723571777 15.173491477966309 
8 55 29.57387351989746 11.240826606750488 11.868274688720703 
8 56 28.93912696838379 14.933676719665527 10.941840171813965 
8 57 26.429733276367188 13.544547080993652 8.389495849609375 
8 58 24.76280403137207 11.530901908874512 11.373528480529785 
8 59 23.96190071105957 14.803473472595215 13.19469928741455 
8 60 23.204151153564453 16.723743438720703 9.876842498779297 
8 61 26.260995864868164 19.08812141418457 10.338139533996582 
8 62 26.371702194213867 21.223981857299805 7.194936752319336 
8 63 28.447608947753906 24.136978149414063 6.071074485778809 
8 64 28.548954010009766 27.60767364501953 7.697476863861084 
8 65 27.33203125 25.913314819335938 10.895758628845215 
8 66 28.049240112304688 26.595195770263672 14.599700927734375 
8 67 29.003515243530273 24.183425903320313 17.217166900634766 
8 68 29.534923553466797 25.581573486328125 20.688417434692383 
8 69 32.907196044921875 24.58226203918457 22.24240493774414 
8 70 32.614261627197266 24.533275604248047 26.0544376373291 
8 71 35.807735443115234 23.94217300415039 28.10595703125 
8 72 36.894344329833984 23.80710792541504 31.719867706298828 
8 73 39.69984436035156 24.617107391357422 34.05442428588867 
8 74 42.35211181640625 22.13861083984375 35.3836555480957 
8 75 44.663333892822266 24.18564796447754 37.724334716796875 
8 76 47.683189392089844 21.98564910888672 37.71084213256836 
9 1 36.012306213378906 20.612707138061523 3.690793514251709 
9 2 36.726341247558594 23.80008888244629 5.722962379455566 
9 3 34.817508697509766 25.156543731689453 8.677645683288574 
9 4 35.52398681640625 28.012998580932617 11.213833808898926 
9 5 36.37345504760742 27.56035614013672 15.009476661682129 
9 6 35.691429138183594 30.97101402282715 16.800439834594727 
9 7 37.172183990478516 31.609243392944336 20.34742546081543 
9 8 34.980342864990234 33.41933059692383 22.851125717163086 
9 9 37.66767883300781 36.244449615478516 22.970216751098633 
9 10 38.18244171142578 36.5511474609375 19.169286727905273 
9 11 40.42574691772461 34.41770553588867 16.963932037353516 
9 12 38.49989700317383 32.515811920166016 14.143939971923828 
9 13 40.62799835205078 29.339754104614258 13.54540729522705 
9 14 40.35357666015625 27.542558670043945 10.165460586547852 
9 15 39.75934600830078 23.805984497070313 10.609809875488281 
9 16 39.97043991088867 21.41364097595215 7.73496675491333 
9 17 37.57736587524414 18.519426345825195 8.5721435546875 
9 18 35.589725494384766 15.812798500061035 6.771641254425049 
9 19 31.93147850036621 15.45672607421875 7.71242618560791 
9 20 32.80333709716797 11.750161170959473 8.542159080505371 
9 21 35.3331184387207 12.919840812683105 11.228382110595703 
9 22 34.28231430053711 12.675606727600098 14.921185493469238 
9 23 34.20573043823242 15.472269058227539 17.552658081054688 
9 24 37.307655334472656 14.0175199508667 19.15853500366211 
9 25 39.14700698852539 14.396285057067871 15.865778923034668 
9 26 38.08036422729492 18.063215255737305 15.536103248596191 
9 27 39.3863639831543 18.652732849121094 19.12332534790039 
9 28 42.58407974243164 16.83542251586914 18.31861686706543 
9 29 43.180633544921875 18.95688247680664 15.102521896362305 
9 30 42.80326843261719 22.037614822387695 17.4323673248291 
9 31 45.51021194458008 20.608919143676758 19.800413131713867 
9 32 47.78207778930664 20.0361270904541 16.715988159179688 
9 33 47.258609771728516 23.34268569946289 15.008211135864258 
9 34 46.82025909423828 25.879961013793945 17.773273468017578 
9 35 48.07032012939453 23.86117935180664 20.763957977294922 
9 36 45.08442687988281 23.67586326599121 23.16762351989746 
9 37 44.30934524536133 20.311670303344727 24.703920364379883 
9 38 40.754798889160156 18.92304229736328 24.976919174194336 
9 39 40.91706085205078 19.171234130859375 28.81142234802246 
9 40 40.20970153808594 22.870948791503906 28.340181350708008 
9 41 37.966426849365234 23.069486618041992 25.19977378845215 
9 42 34.1518440246582 23.174314498901367 25.006189346313477 
9 43 32.4414176940918 23.234399795532227 21.594911575317383 
9 44 29.097497940063477 24.946958541870117 20.99618148803711 
9 45 27.558040618896484 24.83905792236328 17.477428436279297 
9 46 24.480363845825195 27.12079620361328 17.109071731567383 
9 47 23.02151870727539 26.443391799926758 20.422698974609375 
9 48 23.782791137695313 22.70355796813965 20.933961868286133 
9 49 26.976762771606445 21.138294219970703 22.269145965576172 
9 50 28.565622329711914 18.433446884155273 20.010242462158203 
9 51 29.360759735107422 15.286994934082031 21.88992691040039 
9 52 32.72254180908203 13.496278762817383 21.683128356933594 
9 53 32.313514709472656 10.263684272766113 19.519039154052734 
9 54 29.6441650390625 11.445113182067871 16.92514991760254 
9 55 30.35451889038086 12.849225044250488 13.506993293762207 
9 56 29.865869522094727 16.33083724975586 11.969862937927246 
9 57 27.076143264770508 14.784897804260254 9.534913063049316 
9 58 25.0141658782959 13.678900718688965 12.605810165405273 
9 59 24.636629104614258 17.262474060058594 13.908745765686035 
9 60 24.26308250427246 18.03529167175293 10.185648918151855 
9 61 27.21454429626465 20.4495849609375 9.64101505279541 
9 62 28.444923400878906 21.66278648376465 6.240691661834717 
9 63 31.404489517211914 23.919506072998047 4.864875316619873 
9 64 32.070613861083984 27.47728157043457 6.215764045715332 
9 65 30.002452850341797 26.817583084106445 9.514491081237793 
9 66 31.17963218688965 28.786022186279297 12.521797180175781 
9 67 31.829566955566406 26.65070915222168 15.63334846496582 
9 68 32.28861618041992 28.51201629638672 18.85854148864746 
9 69 35.32577133178711 27.36837387084961 20.92019271850586 
9 70 34.61260986328125 28.057157516479492 24.636940002441406 
9 71 37.64592361450195 27.6715145111084 27.05120277404785 
9 72 38.315223693847656 26.95173454284668 30.677448272705078 
9 73 41.19340515136719 26.8833065032959 33.02150344848633 
9 74 43.18316650390625 23.641942977905273 33.29303741455078 
9 75 45.637451171875 24.533933639526367 36.07439041137695 
9 76 48.35527801513672 25.67336654663086 33.792236328125 
10 1 33.61745834350586 20.149139404296875 3.5651509761810303 
10 2 34.13053512573242 23.502059936523438 5.371971607208252 
10 3 32.236289978027344 24.518138885498047 8.61089038848877 
10 4 32.73016357421875 28.067955017089844 10.187753677368164 
10 5 33.013938903808594 28.452503204345703 14.133413314819336 
10 6 32.063995361328125 31.944229125976563 15.342036247253418 
10 7 33.820438385009766 32.72578430175781 18.64496421813965 
10 8 32.332340240478516 34.824649810791016 21.45672035217285 
10 9 35.544063568115234 36.90579605102539 21.77884292602539 
10 10 35.31723403930664 37.96015930175781 18.14409637451172 
10 11 37.01322555541992 35.597251892089844 15.748394012451172 
10 12 35.720367431640625 33.272193908691406 12.923072814941406 
10 13 37.480674743652344 29.874977111816406 12.442562103271484 
10 14 37.39656448364258 28.034950256347656 9.080938339233398 
10 15 37.63615036010742 24.173809051513672 9.70964527130127 
10 16 37.526214599609375 21.463207244873047 7.128287315368652 
10 17 35.806312561035156 18.156076431274414 8.072530746459961 
10 18 34.079830169677734 15.063843727111816 6.894554138183594 
10 19 30.51102638244629 14.707324028015137 8.614502906799316 
10 20 31.528287887573242 11.171649932861328 9.69067668914795 
10 21 33.912269592285156 13.037312507629395 12.105422973632813 
10 22 33.03483581542969 13.561517715454102 15.85018253326416 
10 23 32.48276138305664 16.911720275878906 17.838428497314453 
10 24 35.73601150512695 15.767284393310547 19.672096252441406 
10 25 37.36556625366211 15.893316268920898 16.27516746520996 
10 26 35.870506286621094 19.399921417236328 15.64246940612793 
10 27 37.44541549682617 20.456771850585938 19.023700714111328 
10 28 40.84284210205078 18.816530227661133 17.98880958557129 
10 29 40.792877197265625 20.736488342285156 14.775456428527832 
10 30 40.094364166259766 24.058895111083984 16.652069091796875 
10 31 43.146480560302734 23.013202667236328 18.75851058959961 
10 32 44.958892822265625 22.23712730407715 15.393465042114258 
10 33 44.096656799316406 25.648319244384766 13.753873825073242 
10 34 44.10242462158203 28.203763961791992 16.48880958557129 
10 35 45.916046142578125 26.405231475830078 19.459989547729492 
10 36 43.093204498291016 26.465476989746094 21.831018447875977 
10 37 43.08203887939453 23.308189392089844 24.14358901977539 
10 38 39.546607971191406 21.650920867919922 24.55658721923828 
10 39 39.4715576171875 22.566360473632813 28.27511978149414 
10 40 39.215965270996094 26.231185913085938 27.320781707763672 
10 41 36.731178283691406 25.29000473022461 24.641155242919922 
10 42 32.956607818603516 24.729097366333008 24.879058837890625 
10 43 31.321733474731445 24.195682525634766 21.40134620666504 
10 44 27.79347801208496 25.502355575561523 20.91212272644043 
10 45 25.548749923706055 24.851924896240234 17.9498348236084 
10 46 23.087793350219727 27.85613441467285 18.088956832885742 
10 47 22.412799835205078 28.000728607177734 21.817903518676758 
10 48 22.622636795043945 24.4088134765625 23.01951789855957 
10 49 25.92678451538086 22.603322982788086 23.7927303314209 
10 50 27.26905632019043 20.07094955444336 21.251588821411133 
10 51 28.22965431213379 16.679744720458984 22.661623001098633 
10 52 31.965526580810547 15.715435028076172 22.158842086791992 
10 53 31.441606521606445 12.021827697753906 21.155670166015625 
10 54 28.649980545043945 12.361461639404297 18.532268524169922 
10 55 29.142459869384766 12.798998832702637 14.757760047912598 
10 56 28.384431838989258 15.897611618041992 12.658066749572754 
10 57 25.937877655029297 13.599613189697266 10.828312873840332 
10 58 24.133073806762695 12.868354797363281 14.076977729797363 
10 59 23.5063533782959 16.61058807373047 14.58850383758545 
10 60 22.78313636779785 16.856216430664063 10.687958717346191 
10 61 25.3308162689209 19.671798706054688 10.362897872924805 
10 62 26.122446060180664 20.2180233001709 6.6545233726501465 
10 63 28.70684051513672 22.401233673095703 4.888271808624268 
10 64 28.98917579650879 26.204010009765625 5.080235004425049 
10 65 27.11948585510254 26.13287353515625 8.395999908447266 
10 66 28.23520278930664 28.526519775390625 11.234405517578125 
10 67 28.760784149169922 27.15180778503418 14.68523120880127 
10 68 29.35249137878418 28.894044876098633 18.089046478271484 
10 69 32.2632942199707 28.65191650390625 20.53905487060547 
10 70 32.58578109741211 30.033796310424805 24.06002426147461 
10 71 36.003578186035156 30.100120544433594 25.716739654541016 
10 72 37.290462493896484 30.17736053466797 29.249296188354492 
10 73 40.80662536621094 30.58260154724121 30.743305206298828 
10 74 42.68983459472656 27.244672775268555 31.404766082763672 
10 75 45.63336181640625 29.298126220703125 32.7527961730957 
10 76 48.04458236694336 27.694032669067383 30.280485153198242 
11 1 34.85041046142578 21.2666015625 3.0954549312591553 
11 2 36.319026947021484 24.48752212524414 4.580508708953857 
11 3 34.722015380859375 26.138561248779297 7.6458868980407715 
11 4 35.789005279541016 28.97850799560547 9.942606925964355 
11 5 36.18134307861328 29.38458824157715 13.610610961914063 
11 6 36.197513580322266 33.12510681152344 14.644767761230469 
11 7 37.60404586791992 34.182865142822266 18.0199031829834 
11 8 36.14223861694336 36.560630798339844 20.69975471496582 
11 9 38.91128158569336 39.03912353515625 19.682029724121094 
11 10 38.19770431518555 38.681278228759766 15.95828914642334 
11 11 40.60739517211914 36.35881042480469 14.308480262756348 
11 12 38.84030532836914 34.08462142944336 11.777721405029297 
11 13 40.65414047241211 30.711557388305664 11.689229011535645 
11 14 40.25582504272461 28.72135353088379 8.500079154968262 
11 15 39.88159942626953 24.96260643005371 9.000709533691406 
11 16 39.30010986328125 22.220104217529297 6.387881278991699 
11 17 36.860755920410156 19.53228187561035 7.6304121017456055 
11 18 34.715877532958984 16.575557708740234 6.312079429626465 
11 19 31.082469940185547 16.399538040161133 7.595812797546387 
11 20 31.861770629882813 12.920307159423828 9.1040620803833 
11 21 34.33125686645508 14.138298988342285 11.753279685974121 
11 22 33.54070281982422 14.774225234985352 15.312931060791016 
11 23 33.41263198852539 18.235254287719727 16.997161865234375 
11 24 36.35334396362305 16.92960548400879 19.027305603027344 
11 25 38.39915466308594 16.890857696533203 15.757135391235352 
11 26 37.455326080322266 20.5725154876709 15.124409675598145 
11 27 38.88332748413086 21.448265075683594 18.63796615600586 
11 28 41.977867126464844 19.11932373046875 17.75290298461914 
11 29 42.67115020751953 20.995397567749023 14.449151039123535 
11 30 42.69122314453125 24.368186950683594 16.428178787231445 
11 31 45.1204948425293 22.859745025634766 18.93788719177246 
11 32 47.46410369873047 21.793628692626953 16.106422424316406 
11 33 47.00417709350586 25.007375717163086 13.931878089904785 
11 34 46.70585250854492 27.710229873657227 16.705074310302734 
11 35 48.126956939697266 25.874948501586914 19.711843490600586 
11 36 45.05337142944336 26.500089645385742 21.860334396362305 
11 37 44.46403121948242 23.347551345825195 24.139284133911133 
11 38 40.94871520996094 22.079090118408203 24.28479766845703 
11 39 40.404930114746094 23.033058166503906 27.88835334777832 
11 40 40.65071105957031 26.83137321472168 27.272296905517578 
11 41 38.24858093261719 26.34482765197754 24.26434898376465 
11 42 34.58454513549805 27.1805362701416 24.7302303314209 
11 43 33.20826721191406 26.32149887084961 21.2479305267334 
11 44 29.984128952026367 28.044816970825195 20.384252548217773 
11 45 27.587390899658203 27.304738998413086 17.369335174560547 
11 46 24.455297470092773 29.439470291137695 16.811330795288086 
11 47 22.356704711914063 29.13003158569336 19.94001579284668 
11 48 24.008811950683594 26.163707733154297 21.53523063659668 
11 49 27.409873962402344 25.230125427246094 22.88850212097168 
11 50 28.93866539001465 22.25101661682129 20.692964553833008 
11 51 29.103233337402344 18.649539947509766 22.179264068603516 
11 52 32.44648742675781 16.75797462463379 21.34507942199707 
11 53 31.265213012695313 13.268843650817871 20.155881881713867 
11 54 28.495145797729492 14.652278900146484 17.99193000793457 
11 55 29.532882690429688 14.911189079284668 14.386683464050293 
11 56 29.43320655822754 17.800800323486328 11.965376853942871 
11 57 26.766555786132813 15.721330642700195 10.074685096740723 
11 58 24.578903198242188 15.125442504882813 13.10499382019043 
11 59 24.396953582763672 18.80353355407715 13.956740379333496 
11 60 24.368011474609375 19.350435256958008 10.178387641906738 
11 61 26.944887161254883 22.2316837310791 10.157573699951172 
11 62 27.289674758911133 23.250926971435547 6.5207109451293945 
11 63 30.354787826538086 24.322664260864258 4.382155418395996 
11 64 31.86228370666504 27.854854583740234 4.932715892791748 
11 65 30.013446807861328 28.209707260131836 8.247024536132813 
11 66 31.465559005737305 30.446500778198242 11.039752006530762 
11 67 31.539447784423828 29.025724411010742 14.584541320800781 
11 68 32.97720718383789 31.163606643676758 17.470787048339844 
11 69 35.63652038574219 30.6153507232666 19.99824333190918 
11 70 35.53128433227539 32.08138656616211 23.454538345336914 
11 71 38.75060272216797 31.64199447631836 25.48187828063965 
11 72 40.001953125 31.530920028686523 29.005306243896484 
11 73 43.15974044799805 31.55939292907715 31.22190284729004 
11 74 45.081756591796875 28.30541229248047 31.68959617614746 
11 75 46.03058624267578 27.564353942871094 35.27102279663086 
11 76 49.12283706665039 26.489654541015625 37.0778923034668 
12 1 36.047630310058594 21.178171157836914 2.0385379791259766 
12 2 36.55715560913086 24.410337448120117 4.012560844421387 
12 3 34.40644073486328 25.189315795898438 7.073277950286865 
12 4 34.660457611083984 28.432918548583984 8.958528518676758 
12 5 34.33328628540039 28.735397338867188 12.730711936950684 
12 6 33.31852722167969 32.16078567504883 14.357900619506836 
12 7 34.060943603515625 32.6556282043457 18.07509994506836 
12 8 32.07261657714844 34.86894989013672 20.59833526611328 
12 9 34.6734733581543 37.52571487426758 20.477027893066406 
12 10 35.063228607177734 37.23154067993164 16.73555564880371 
12 11 37.81640625 35.29587936401367 15.207620620727539 
12 12 37.12468338012695 33.589115142822266 11.77801513671875 
12 13 38.96128845214844 30.25517463684082 11.97030258178711 
12 14 39.682865142822266 28.521068572998047 8.842663764953613 
12 15 39.49656677246094 24.63494110107422 8.966717720031738 
12 16 39.64583206176758 21.81096649169922 6.403890609741211 
12 17 37.405059814453125 18.765169143676758 7.139013767242432 
12 18 35.70625686645508 16.28538703918457 4.7267279624938965 
12 19 31.997228622436523 15.647765159606934 5.32230281829834 
12 20 32.983028411865234 12.236547470092773 6.621872425079346 
12 21 34.606292724609375 13.86163330078125 9.669877052307129 
12 22 33.25923538208008 13.75091552734375 13.20612621307373 
12 23 32.64761734008789 16.746856689453125 15.478742599487305 
12 24 35.16046142578125 15.181742668151855 17.847169876098633 
12 25 37.89332580566406 15.541508674621582 15.227617263793945 
12 26 36.672508239746094 19.191307067871094 14.498897552490234 
12 27 37.55691909790039 20.05058479309082 18.120166778564453 
12 28 41.08494567871094 18.48080062866211 17.785804748535156 
12 29 41.89464569091797 20.63347625732422 14.697101593017578 
12 30 40.986698150634766 23.687612533569336 16.78302574157715 
12 31 43.19499588012695 22.26232147216797 19.676528930664063 
12 32 46.248291015625 21.9797306060791 17.259252548217773 
12 33 45.564640045166016 25.35094451904297 15.507201194763184 
12 34 44.361595153808594 27.57964515686035 18.38164710998535 
12 35 45.3484992980957 25.670276641845703 21.566062927246094 
12 36 42.078182220458984 24.982521057128906 23.35108184814453 
12 37 41.00914001464844 21.468425750732422 24.780380249023438 
12 38 37.57490539550781 20.25316047668457 23.503284454345703 
12 39 35.938167572021484 20.320981979370117 26.9256649017334 
12 40 36.03899002075195 24.138792037963867 26.878705978393555 
12 41 34.73271560668945 24.32222557067871 23.354705810546875 
12 42 30.928218841552734 24.76021385192871 22.845073699951172 
12 43 30.36149024963379 24.179344177246094 18.990053176879883 
12 44 27.064332962036133 25.732524871826172 17.837890625 
12 45 25.922643661499023 26.264989852905273 14.204237937927246 
12 46 22.35478973388672 27.534372329711914 14.542579650878906 
12 47 21.544401168823242 27.060903549194336 18.272838592529297 
12 48 22.07254409790039 23.71126937866211 19.805871963500977 
12 49 25.512115478515625 22.065231323242188 20.38477325439453 
12 50 26.89825439453125 19.476177215576172 17.9955997467041 
12 51 27.511470794677734 15.87077522277832 19.347227096557617 
12 52 31.00201416015625 14.249446868896484 19.05792999267578 
12 53 30.081623077392578 10.865259170532227 17.53066062927246 
12 54 28.089445114135742 12.175580024719238 14.562210083007813 
12 55 29.546646118164063 13.480378150939941 11.32456111907959 
12 56 29.300630569458008 16.833078384399414 9.391305923461914 
12 57 27.4719181060791 14.664166450500488 6.9357709884643555 
12 58 24.870615005493164 13.539612770080566 9.450507164001465 
12 59 24.20147705078125 17.16961097717285 10.383369445800781 
12 60 24.18639373779297 18.277164459228516 6.768422603607178 
12 61 26.811277389526367 20.891408920288086 7.2187910079956055 
12 62 28.468290328979492 21.66100311279297 3.6714835166931152 
12 63 31.35545539855957 23.65643310546875 2.0914666652679443 
12 64 32.258548736572266 27.09971046447754 3.368907928466797 
12 65 29.536075592041016 27.05398178100586 6.014527320861816 
12 66 30.076757431030273 29.28219223022461 9.070456504821777 
12 67 29.669925689697266 27.568798065185547 12.413446426391602 
12 68 29.95632553100586 29.139333724975586 15.997967720031738 
12 69 32.05376052856445 28.846723556518555 19.168941497802734 
12 70 31.44356346130371 29.775043487548828 22.797258377075195 
12 71 34.546573638916016 29.115245819091797 24.83914566040039 
12 72 35.199710845947266 28.81250762939453 28.55602264404297 
12 73 38.66641616821289 29.33791732788086 30.190000534057617 
12 74 40.01118469238281 26.916576385498047 32.874019622802734 
12 75 42.956520080566406 27.634967803955078 35.24720764160156 
12 76 46.594058990478516 26.928220748901367 36.14519119262695 
13 1 36.8150634765625 22.50832748413086 4.4185686111450195 
13 2 36.42337417602539 25.657712936401367 6.5015692710876465 
13 3 33.926483154296875 26.257266998291016 9.37403392791748 
13 4 33.496360778808594 28.99882698059082 12.101802825927734 
13 5 32.49088668823242 28.73516273498535 15.740514755249023 
13 6 31.074764251708984 32.017730712890625 17.38802719116211 
13 7 30.749099731445313 32.383392333984375 21.171846389770508 
13 8 28.09198760986328 34.213619232177734 23.183120727539063 
13 9 30.63173484802246 36.76698303222656 24.23661231994629 
13 10 31.19495964050293 37.078224182128906 20.49095916748047 
13 11 34.57297134399414 35.877445220947266 19.43553924560547 
13 12 34.67323684692383 33.652618408203125 16.240633010864258 
13 13 36.97712707519531 30.57990264892578 16.411352157592773 
13 14 38.40544891357422 29.638286590576172 12.9302339553833 
13 15 39.05579376220703 25.95985984802246 12.20177936553955 
13 16 39.2684211730957 23.38153648376465 9.303836822509766 
13 17 37.51333236694336 20.009401321411133 9.361332893371582 
13 18 36.2296142578125 17.17327880859375 6.945006370544434 
13 19 32.49073791503906 16.282360076904297 6.890312671661377 
13 20 33.20661926269531 12.74472427368164 8.232378005981445 
13 21 34.81475067138672 14.120196342468262 11.496676445007324 
13 22 32.809837341308594 14.30158805847168 14.703452110290527 
13 23 31.569355010986328 16.899818420410156 17.012954711914063 
13 24 34.013912200927734 15.420392990112305 19.52997398376465 
13 25 36.8963508605957 16.52788543701172 17.235029220581055 
13 26 35.693214416503906 20.17595863342285 17.023435592651367 
13 27 35.38005065917969 20.55042839050293 20.720190048217773 
13 28 38.75601577758789 18.980939865112305 21.170848846435547 
13 29 40.284366607666016 21.69591522216797 18.725730895996094 
13 30 38.66445541381836 24.384611129760742 20.77111053466797 
13 31 40.71461486816406 22.942398071289063 23.674579620361328 
13 32 43.844818115234375 22.567825317382813 21.520273208618164 
13 33 43.859710693359375 26.162059783935547 20.062515258789063 
13 34 42.115234375 28.67070770263672 22.454530715942383 
13 35 42.19239807128906 26.31926155090332 25.69513702392578 
13 36 38.6214714050293 25.693408966064453 26.830137252807617 
13 37 37.883216857910156 21.908111572265625 27.877565383911133 
13 38 34.64726638793945 20.27288055419922 26.62691879272461 
13 39 33.32463073730469 20.599626541137695 30.27574920654297 
13 40 32.59846496582031 24.335750579833984 29.803817749023438 
13 41 31.730195999145508 24.078048706054688 26.07269859313965 
13 42 28.125289916992188 23.75171661376953 24.98555564880371 
13 43 28.471824645996094 23.587194442749023 21.072694778442383 
13 44 25.17955780029297 24.18390655517578 19.222129821777344 
13 45 24.383543014526367 24.549964904785156 15.46385383605957 
13 46 20.651426315307617 25.361814498901367 15.197073936462402 
13 47 19.1957950592041 25.117387771606445 18.748699188232422 
13 48 19.1435546875 21.540889739990234 20.018835067749023 
13 49 22.316572189331055 20.100696563720703 21.441083908081055 
13 50 24.778470993041992 17.90089225769043 19.535043716430664 
13 51 25.88163948059082 14.216641426086426 20.22007179260254 
13 52 29.68286895751953 13.842649459838867 20.492544174194336 
13 53 30.222509384155273 10.679003715515137 18.542442321777344 
13 54 28.2799129486084 11.63936710357666 15.432412147521973 
13 55 29.53775405883789 13.33013916015625 12.349608421325684 
13 56 29.353647232055664 16.970579147338867 11.027953147888184 
13 57 27.614961624145508 15.432929039001465 7.993302822113037 
13 58 25.141254425048828 13.429518699645996 10.226534843444824 
13 59 23.834543228149414 16.668678283691406 11.777758598327637 
13 60 24.140729904174805 18.252042770385742 8.16146183013916 
13 61 27.024551391601563 20.966243743896484 8.806904792785645 
13 62 28.53329086303711 22.14781379699707 5.482668876647949 
13 63 31.52446174621582 24.41626739501953 4.690560817718506 
13 64 31.352602005004883 28.066917419433594 6.052938461303711 
13 65 28.77451515197754 27.074853897094727 8.682909965515137 
13 66 28.705291748046875 29.464794158935547 11.723250389099121 
13 67 28.274166107177734 27.374771118164063 14.864306449890137 
13 68 27.525188446044922 28.76363754272461 18.24518585205078 
13 69 29.312429428100586 28.056087493896484 21.564260482788086 
13 70 27.647066116333008 28.77263832092285 24.902082443237305 
13 71 30.051462173461914 28.70372772216797 27.826608657836914 
13 72 29.997581481933594 29.087749481201172 31.585994720458984 
13 73 32.68353271484375 29.779438018798828 34.18440628051758 
13 74 34.149635314941406 27.001935958862305 36.37652587890625 
13 75 36.8558464050293 29.019838333129883 38.205223083496094 
13 76 39.460601806640625 26.169984817504883 38.53370666503906 
14 1 37.12202835083008 21.484737396240234 6.010729789733887 
14 2 36.807518005371094 24.47049903869629 8.39494514465332 
14 3 34.11569595336914 25.78856658935547 10.705401420593262 
14 4 34.15646743774414 28.646888732910156 13.120065689086914 
14 5 33.384735107421875 28.03384780883789 16.824615478515625 
14 6 32.5302619934082 31.473676681518555 18.190929412841797 
14 7 32.07438278198242 31.74452781677246 22.022096633911133 
14 8 29.24420166015625 33.50048828125 24.015058517456055 
14 9 32.026527404785156 35.5034294128418 25.63692855834961 
14 10 33.095638275146484 36.46305465698242 22.042312622070313 
14 11 36.28007888793945 34.499881744384766 20.990541458129883 
14 12 36.13737487792969 33.058074951171875 17.47359848022461 
14 13 38.04839324951172 29.710180282592773 17.608036041259766 
14 14 39.11083984375 28.132768630981445 14.30879020690918 
14 15 38.49657440185547 24.448894500732422 13.990163803100586 
14 16 39.755489349365234 21.9116268157959 11.43785572052002 
14 17 37.01903533935547 19.26683807373047 10.922579765319824 
14 18 35.94245147705078 16.61898422241211 8.453764915466309 
14 19 32.172000885009766 16.39011001586914 7.745439529418945 
14 20 32.19990539550781 12.913420677185059 9.303033828735352 
14 21 33.41334915161133 14.027181625366211 12.700430870056152 
14 22 30.94554901123047 13.980247497558594 15.54198169708252 
14 23 29.8867130279541 16.885051727294922 17.955909729003906 
14 24 31.755773544311523 14.741771697998047 20.50861930847168 
14 25 34.94563674926758 14.835823059082031 18.29857635498047 
14 26 34.68198776245117 18.684534072875977 17.91425895690918 
14 27 34.578426361083984 18.931081771850586 21.802425384521484 
14 28 37.724613189697266 16.665454864501953 21.914142608642578 
14 29 39.4913444519043 18.986385345458984 19.315587997436523 
14 30 38.7633171081543 22.256973266601563 21.266767501831055 
14 31 40.106502532958984 20.634057998657227 24.62448501586914 
14 32 43.4041862487793 19.69966697692871 22.74034309387207 
14 33 43.63847732543945 23.278825759887695 21.43020248413086 
14 34 42.511898040771484 25.702871322631836 24.221529006958008 
14 35 42.47555160522461 23.340208053588867 27.212141036987305 
14 36 38.8897705078125 23.27030372619629 28.41729164123535 
14 37 37.02985763549805 19.943552017211914 29.07785415649414 
14 38 33.64476776123047 18.794910430908203 27.360065460205078 
14 39 32.24058151245117 19.230390548706055 31.015785217285156 
14 40 32.1429557800293 23.003965377807617 30.392297744750977 
14 41 31.321781158447266 23.072891235351563 26.58628273010254 
14 42 27.68980598449707 23.403512954711914 25.521196365356445 
14 43 27.819128036499023 23.589174270629883 21.744041442871094 
14 44 24.954267501831055 25.121929168701172 19.8425350189209 
14 45 24.811548233032227 25.685548782348633 16.021146774291992 
14 46 21.73800277709961 27.980459213256836 15.851566314697266 
14 47 18.684715270996094 27.148426055908203 18.0561466217041 
14 48 18.80596351623535 23.84088706970215 19.726491928100586 
14 49 21.45379638671875 21.729801177978516 21.42757225036621 
14 50 23.560840606689453 19.337976455688477 19.266357421875 
14 51 23.57012939453125 15.711434364318848 20.41943359375 
14 52 27.05243492126465 14.198593139648438 20.78963851928711 
14 53 27.15373420715332 11.251330375671387 18.36760711669922 
14 54 25.72527313232422 12.958714485168457 15.336474418640137 
14 55 27.73613929748535 14.284893035888672 12.412596702575684 
14 56 28.15138053894043 17.827287673950195 10.985509872436523 
14 57 26.863174438476563 16.32804298400879 7.7985520362854 
14 58 23.748735427856445 14.971845626831055 9.630046844482422 
14 59 23.11541175842285 18.53214454650879 10.986872673034668 
14 60 23.526649475097656 19.995031356811523 7.38735818862915 
14 61 26.707902908325195 21.949323654174805 8.351330757141113 
14 62 28.958335876464844 22.936769485473633 5.470923900604248 
14 63 32.303062438964844 24.787015914916992 5.386844635009766 
14 64 32.53726577758789 28.178579330444336 6.959844589233398 
14 65 29.580827713012695 27.904699325561523 9.188539505004883 
14 66 29.745899200439453 29.416950225830078 12.729612350463867 
14 67 28.57988929748535 27.635540008544922 15.883401870727539 
14 68 27.765222549438477 29.4007625579834 19.171138763427734 
14 69 29.859817504882813 27.926429748535156 21.959341049194336 
14 70 28.591781616210938 28.50833511352539 25.521587371826172 
14 71 31.439842224121094 27.839147567749023 28.103063583374023 
14 72 30.38818359375 27.63035011291504 31.854961395263672 
14 73 32.915138244628906 28.18332862854004 34.638309478759766 
14 74 34.634796142578125 25.73113441467285 36.86063766479492 
14 75 35.76530075073242 28.334592819213867 39.455421447753906 
14 76 39.53462600708008 27.703968048095703 38.929222106933594 
15 1 38.00392532348633 21.588512420654297 6.897715091705322 
15 2 38.72925567626953 25.029178619384766 8.474425315856934 
15 3 35.79652404785156 26.912025451660156 10.176680564880371 
15 4 35.775657653808594 30.349653244018555 11.864401817321777 
15 5 34.934234619140625 30.788801193237305 15.627528190612793 
15 6 34.30834197998047 34.54450607299805 16.121244430541992 
15 7 34.042030334472656 36.35432815551758 19.49578285217285 
15 8 32.32303237915039 39.54650115966797 20.649372100830078 
15 9 35.73630905151367 41.076026916503906 21.368555068969727 
15 10 36.588069915771484 40.2493782043457 17.757658004760742 
15 11 39.10979080200195 37.48249053955078 17.31895637512207 
15 12 38.529884338378906 35.00246810913086 14.341724395751953 
15 13 39.90768051147461 31.571857452392578 15.463152885437012 
15 14 40.78336715698242 29.555574417114258 12.272045135498047 
15 15 39.83599090576172 26.17767333984375 13.557088851928711 
15 16 40.815059661865234 23.131826400756836 11.732169151306152 
15 17 37.94937515258789 20.465681076049805 12.12471866607666 
15 18 36.65773391723633 17.265825271606445 10.646488189697266 
15 19 32.932613372802734 16.59577178955078 9.652742385864258 
15 20 33.04283142089844 13.677349090576172 12.295553207397461 
15 21 33.9287109375 16.120365142822266 15.011626243591309 
15 22 31.4051570892334 17.03067970275879 17.80366325378418 
15 23 30.573375701904297 20.429773330688477 19.567893981933594 
15 24 32.60963821411133 18.785673141479492 22.373762130737305 
15 25 35.51848220825195 18.223804473876953 19.916942596435547 
15 26 35.068931579589844 21.9056339263916 18.716360092163086 
15 27 35.39387130737305 23.31820297241211 22.275802612304688 
15 28 38.233428955078125 20.947160720825195 23.2801513671875 
15 29 40.09935760498047 22.19521713256836 20.173980712890625 
15 30 39.5088005065918 25.7462215423584 21.515178680419922 
15 31 40.89794921875 24.588565826416016 24.875335693359375 
15 32 44.1361198425293 23.534561157226563 23.1010684967041 
15 33 44.27934265136719 26.382150650024414 20.551576614379883 
15 34 43.48594284057617 29.35057830810547 22.932497024536133 
15 35 43.443878173828125 27.910846710205078 26.55706214904785 
15 36 39.82821273803711 28.188899993896484 27.354707717895508 
15 37 38.240318298339844 25.28144073486328 29.29753303527832 
15 38 34.8304443359375 24.331819534301758 28.111112594604492 
15 39 32.68449401855469 25.622783660888672 31.010766983032227 
15 40 33.51628112792969 29.153244018554688 29.816959381103516 
15 41 32.641807556152344 28.567523956298828 26.132539749145508 
15 42 29.004928588867188 28.788867950439453 24.80128288269043 
15 43 28.762657165527344 28.229379653930664 21.125959396362305 
15 44 26.01587677001953 29.580875396728516 18.92840576171875 
15 45 25.61431884765625 28.736602783203125 15.178437232971191 
15 46 22.20220375061035 30.13019371032715 14.002694129943848 
15 47 20.29922103881836 31.03360366821289 17.211872100830078 
15 48 20.062705993652344 28.4052677154541 19.892702102661133 
15 49 23.268049240112305 27.025625228881836 21.552196502685547 
15 50 25.063936233520508 24.014083862304688 20.278743743896484 
15 51 24.718429565429688 20.60223388671875 22.01363754272461 
15 52 28.024089813232422 18.77455711364746 23.017032623291016 
15 53 27.43187713623047 15.308710098266602 21.651708602905273 
15 54 26.118576049804688 16.27958106994629 18.29883575439453 
15 55 28.404422760009766 16.2294921875 15.196648597717285 
15 56 29.108667373657227 19.223207473754883 12.932513236999512 
15 57 27.47806739807129 16.98744773864746 10.19034481048584 
15 58 24.321022033691406 16.77497673034668 12.452241897583008 
15 59 24.077192306518555 20.60108757019043 12.676948547363281 
15 60 25.069541931152344 20.802417755126953 8.989935874938965 
15 61 28.08601951599121 22.99966812133789 9.556133270263672 
15 62 30.437973022460938 23.33838653564453 6.448234558105469 
15 63 33.84927749633789 24.67824935913086 5.46593713760376 
15 64 34.59502029418945 28.28133773803711 6.133378982543945 
15 65 31.459054946899414 28.67393684387207 8.281885147094727 
15 66 30.747745513916016 31.137325286865234 11.071874618530273 
15 67 30.187549591064453 30.39977264404297 14.803455352783203 
15 68 29.55385398864746 33.0823974609375 17.28066635131836 
15 69 31.347259521484375 32.28709411621094 20.567420959472656 
15 70 29.904380798339844 33.570037841796875 23.875904083251953 
15 71 32.403419494628906 33.777610778808594 26.816171646118164 
15 72 32.257633209228516 34.47773742675781 30.63966178894043 
15 73 34.3554573059082 35.01874542236328 33.727806091308594 
15 74 36.10179901123047 32.59531021118164 36.040714263916016 
15 75 35.127811431884766 34.71125030517578 39.07630920410156 
15 76 38.51749801635742 34.668060302734375 40.887413024902344 
16 1 37.077423095703125 21.2386417388916 6.1311354637146 
16 2 37.348228454589844 24.820402145385742 7.3593220710754395 
16 3 34.975914001464844 26.863353729248047 9.487462997436523 
16 4 35.313720703125 30.453018188476563 10.86160945892334 
16 5 34.49102020263672 30.937744140625 14.601103782653809 
16 6 34.223079681396484 34.72881317138672 15.209258079528809 
16 7 33.74500274658203 36.7553825378418 18.465246200561523 
16 8 31.629701614379883 39.75489807128906 19.064006805419922 
16 9 34.72190475463867 42.24761962890625 19.277339935302734 
16 10 36.690975189208984 40.905643463134766 16.3137264251709 
16 11 38.61140823364258 37.66214370727539 16.387413024902344 
16 12 38.195213317871094 35.274993896484375 13.491218566894531 
16 13 39.578575134277344 31.925750732421875 14.69104290008545 
16 14 39.909236907958984 29.52884292602539 11.695597648620605 
16 15 39.039432525634766 25.93764877319336 12.78568172454834 
16 16 39.32184982299805 22.71319007873535 10.8279447555542 
16 17 36.480682373046875 20.180156707763672 11.304149627685547 
16 18 34.951942443847656 17.077119827270508 9.824939727783203 
16 19 31.11890983581543 16.522499084472656 9.385393142700195 
16 20 31.0716609954834 13.892345428466797 12.05114459991455 
16 21 32.62255096435547 16.22515296936035 14.717025756835938 
16 22 30.328805923461914 17.277284622192383 17.630430221557617 
16 23 29.73345375061035 20.72245979309082 19.04319190979004 
16 24 31.28704833984375 19.3726806640625 22.35727882385254 
16 25 34.34086608886719 18.41280746459961 20.05825424194336 
16 26 34.258544921875 21.91460609436035 18.45745086669922 
16 27 34.611083984375 23.72931480407715 21.880672454833984 
16 28 37.340248107910156 21.264564514160156 22.700992584228516 
16 29 39.1795539855957 22.180482864379883 19.479642868041992 
16 30 38.64292526245117 25.970176696777344 20.444276809692383 
16 31 40.097476959228516 25.288070678710938 23.852783203125 
16 32 42.948795318603516 23.248987197875977 22.288005828857422 
16 33 43.84592056274414 26.063379287719727 19.931230545043945 
16 34 43.19948196411133 29.25861358642578 21.980079650878906 
16 35 43.061851501464844 28.59421730041504 25.706714630126953 
16 36 39.344234466552734 29.176856994628906 26.405052185058594 
16 37 37.79961013793945 26.54057502746582 28.638830184936523 
16 38 34.37152099609375 25.057973861694336 27.539710998535156 
16 39 32.19940948486328 26.483198165893555 30.30946159362793 
16 40 32.43473815917969 30.048664093017578 29.065086364746094 
16 41 31.903614044189453 28.80052947998047 25.498126983642578 
16 42 28.4169921875 28.947921752929688 23.915321350097656 
16 43 28.45656394958496 28.400489807128906 20.161476135253906 
16 44 25.88627815246582 30.127641677856445 18.050617218017578 
16 45 25.103967666625977 29.462947845458984 14.439376831054688 
16 46 21.605432510375977 30.915531158447266 14.178854942321777 
16 47 20.474380493164063 32.68067169189453 17.37755012512207 
16 48 19.80263328552246 30.129793167114258 20.073347091674805 
16 49 22.58506202697754 27.961423873901367 21.31812286376953 
16 50 23.720293045043945 24.694190979003906 19.564239501953125 
16 51 23.333324432373047 21.408130645751953 21.530912399291992 
16 52 26.641571044921875 19.729991912841797 22.374164581298828 
16 53 26.135711669921875 15.93906307220459 21.499340057373047 
16 54 25.065567016601563 16.936141967773438 17.972740173339844 
16 55 27.323322296142578 16.923824310302734 14.875608444213867 
16 56 27.864919662475586 19.3730411529541 12.061542510986328 
16 57 26.002197265625 16.919143676757813 9.702279090881348 
16 58 22.860546112060547 17.349836349487305 11.926868438720703 
16 59 23.099088668823242 21.11039924621582 12.156906127929688 
16 60 24.311689376831055 21.25658416748047 8.445590019226074 
16 61 27.525842666625977 23.224576950073242 8.888919830322266 
16 62 29.700712203979492 22.97247314453125 5.6767425537109375 
16 63 32.99169158935547 24.660097122192383 4.6981096267700195 
16 64 33.703468322753906 28.3060302734375 5.25998067855835 
16 65 30.742647171020508 28.880699157714844 7.64670467376709 
16 66 30.857301712036133 31.568492889404297 10.290717124938965 
16 67 29.791913986206055 30.812110900878906 13.916363716125488 
16 68 29.534801483154297 33.37156295776367 16.81963348388672 
16 69 31.476268768310547 32.381954193115234 19.907764434814453 
16 70 29.7850399017334 33.7472038269043 22.907663345336914 
16 71 31.87033462524414 34.32534408569336 25.949474334716797 
16 72 30.371036529541016 34.63755798339844 29.36139678955078 
16 73 32.22512435913086 34.67867660522461 32.64305114746094 
16 74 33.6916618347168 31.693315505981445 34.467079162597656 
16 75 32.72443771362305 32.53125762939453 38.140296936035156 
16 76 36.143714904785156 31.482084274291992 39.68205261230469 
17 1 36.78632354736328 19.347806930541992 3.123659610748291 
17 2 37.39259338378906 22.72149658203125 4.862067222595215 
17 3 35.14795684814453 25.451828002929688 6.412643909454346 
17 4 35.56797790527344 28.957866668701172 7.894697189331055 
17 5 35.15824508666992 29.643152236938477 11.655875205993652 
17 6 34.98609161376953 33.45663070678711 11.608445167541504 
17 7 35.09557342529297 35.36404800415039 15.04353141784668 
17 8 33.430023193359375 38.73862075805664 15.718559265136719 
17 9 36.626861572265625 41.10687255859375 15.777644157409668 
17 10 38.64555358886719 39.47946548461914 12.925851821899414 
17 11 40.03754425048828 35.88689041137695 13.019916534423828 
17 12 39.44239807128906 33.3088493347168 10.295933723449707 
17 13 39.918399810791016 29.847251892089844 11.605513572692871 
17 14 40.043331146240234 27.178255081176758 8.891305923461914 
17 15 39.336429595947266 23.597389221191406 10.016399383544922 
17 16 39.132110595703125 20.35243034362793 8.082013130187988 
17 17 35.90287780761719 18.36806869506836 8.510348320007324 
17 18 33.8073844909668 15.78547477722168 6.635159015655518 
17 19 29.935718536376953 15.967662811279297 6.617526531219482 
17 20 30.19960594177246 13.254121780395508 9.314478874206543 
17 21 31.91866111755371 15.436007499694824 11.909048080444336 
17 22 29.40638542175293 16.72245979309082 14.66834831237793 
17 23 29.13315200805664 20.438425064086914 15.812007904052734 
17 24 30.782703399658203 18.96835708618164 18.988521575927734 
17 25 33.84569549560547 18.042694091796875 16.6359920501709 
17 26 33.629188537597656 21.451860427856445 14.929945945739746 
17 27 34.187522888183594 23.18185043334961 18.503061294555664 
17 28 36.66863250732422 20.542192459106445 19.699743270874023 
17 29 39.09143829345703 21.204158782958984 16.76828384399414 
17 30 39.140769958496094 24.911409378051758 17.652917861938477 
17 31 40.79617691040039 23.927021026611328 21.090660095214844 
17 32 43.37919998168945 21.4207706451416 19.647258758544922 
17 33 44.31303024291992 23.96006202697754 16.85127830505371 
17 34 44.1325569152832 27.620878219604492 18.04311180114746 
17 35 43.56504440307617 27.242843627929688 21.757545471191406 
17 36 40.0200309753418 28.759037017822266 22.60405921936035 
17 37 37.8161735534668 26.160602569580078 24.59724998474121 
17 38 34.14084243774414 25.19659996032715 23.97309112548828 
17 39 33.255062103271484 26.893285751342773 27.29885482788086 
17 40 33.75585174560547 30.258056640625 25.52371597290039 
17 41 32.2313117980957 29.201282501220703 22.06552505493164 
17 42 28.703996658325195 30.602758407592773 20.891849517822266 
17 43 28.59848403930664 29.284425735473633 17.29218292236328 
17 44 25.966747283935547 31.213476181030273 15.172357559204102 
17 45 25.184062957763672 30.285181045532227 11.534247398376465 
17 46 21.6011905670166 31.296573638916016 10.45707893371582 
17 47 20.248538970947266 33.20374298095703 13.485082626342773 
17 48 20.41411018371582 31.01848602294922 16.702133178710938 
17 49 23.130891799926758 28.44207763671875 17.447553634643555 
17 50 24.425716400146484 25.265417098999023 15.70479965209961 
17 51 23.689584732055664 22.619367599487305 18.334577560424805 
17 52 26.2059268951416 19.913436889648438 19.55695915222168 
17 53 25.06736946105957 16.367813110351563 18.54331398010254 
17 54 24.174007415771484 17.138015747070313 14.89633560180664 
17 55 26.17499351501465 16.555070877075195 11.829136848449707 
17 56 27.144933700561523 19.071928024291992 9.071660995483398 
17 57 25.100540161132813 16.957109451293945 6.864813327789307 
17 58 21.971654891967773 17.288816452026367 9.030604362487793 
17 59 22.309547424316406 21.037717819213867 9.013205528259277 
17 60 23.18715476989746 20.85350227355957 5.251688003540039 
17 61 26.485877990722656 22.767305374145508 5.623623371124268 
17 62 28.549449920654297 22.59969139099121 2.3342180252075195 
17 63 32.35654067993164 22.941267013549805 1.7590163946151733 
17 64 33.99275588989258 26.361921310424805 2.3574600219726563 
17 65 30.956005096435547 27.62143898010254 4.267101764678955 
17 66 31.34815216064453 30.564393997192383 6.802125930786133 
17 67 30.3636531829834 30.34634780883789 10.435028076171875 
17 68 30.028871536254883 33.228816986083984 12.86772632598877 
17 69 31.476625442504883 32.556434631347656 16.297725677490234 
17 70 30.755712509155273 34.90017318725586 19.336633682250977 
17 71 33.10276412963867 34.48897933959961 22.37666893005371 
17 72 32.10136795043945 34.85017395019531 26.036609649658203 
17 73 33.980735778808594 34.97883224487305 29.265199661254883 
17 74 35.029972076416016 31.718917846679688 31.250423431396484 
17 75 35.444793701171875 33.079620361328125 34.7711181640625 
17 76 37.54509735107422 30.372953414916992 36.22613525390625 
18 1 36.99629592895508 19.81102180480957 6.363804340362549 
18 2 38.2349853515625 23.309955596923828 7.339046001434326 
18 3 36.21940231323242 26.043109893798828 8.966257095336914 
18 4 36.7877311706543 29.698020935058594 9.841011047363281 
18 5 36.33787536621094 30.811508178710938 13.460131645202637 
18 6 36.70748519897461 34.64927673339844 13.277386665344238 
18 7 36.7540397644043 37.382225036621094 15.96580696105957 
18 8 35.85517120361328 41.07624816894531 16.197792053222656 
18 9 39.38448715209961 42.72745132446289 15.760428428649902 
18 10 41.21463394165039 40.434043884277344 13.359450340270996 
18 11 41.84995651245117 36.76359558105469 14.086631774902344 
18 12 40.658164978027344 33.87406539916992 11.870162963867188 
18 13 41.27801513671875 30.498966217041016 13.596985816955566 
18 14 41.14604949951172 27.976015090942383 10.559065818786621 
18 15 40.13408660888672 24.71446418762207 12.42398738861084 
18 16 39.83201217651367 21.120851516723633 11.24547004699707 
18 17 36.569393157958984 19.246227264404297 11.909017562866211 
18 18 34.260807037353516 16.610965728759766 10.283190727233887 
18 19 30.492233276367188 16.962793350219727 10.104220390319824 
18 20 30.75938606262207 14.51484489440918 13.133543968200684 
18 21 32.15779495239258 17.209842681884766 15.48572826385498 
18 22 29.97464370727539 18.75383186340332 18.252248764038086 
18 23 30.19301986694336 22.310083389282227 19.355457305908203 
18 24 31.942874908447266 20.995206832885742 22.566490173339844 
18 25 34.651004791259766 19.795698165893555 20.061389923095703 
18 26 34.943931579589844 23.051767349243164 18.252300262451172 
18 27 35.29612731933594 24.92413330078125 21.49214744567871 
18 28 37.7752571105957 22.388288497924805 22.95809555053711 
18 29 40.19987487792969 22.518939971923828 19.903284072875977 
18 30 40.129669189453125 26.3145809173584 20.227909088134766 
18 31 41.566646575927734 25.95890998840332 23.69312858581543 
18 32 44.162109375 23.35940170288086 22.653051376342773 
18 33 45.32613754272461 25.318796157836914 19.51834487915039 
18 34 45.16605758666992 29.003265380859375 20.738948822021484 
18 35 44.42238235473633 28.815048217773438 24.531715393066406 
18 36 40.96534729003906 30.466520309448242 24.82896614074707 
18 37 38.868812561035156 28.473739624023438 27.29413414001465 
18 38 35.27552032470703 27.5874080657959 26.56146240234375 
18 39 33.84796142578125 29.94357681274414 29.212587356567383 
18 40 35.137752532958984 33.0544319152832 27.159801483154297 
18 41 34.221832275390625 31.397571563720703 23.864852905273438 
18 42 30.682331085205078 32.378578186035156 22.720556259155273 
18 43 30.264415740966797 30.95775604248047 19.26763153076172 
18 44 27.880495071411133 32.78610610961914 17.04222297668457 
18 45 26.687646865844727 31.65024185180664 13.510902404785156 
18 46 24.095937728881836 34.12738037109375 12.649362564086914 
18 47 22.832508087158203 35.92755889892578 15.792865753173828 
18 48 22.65044593811035 33.92934799194336 19.096426010131836 
18 49 24.974742889404297 31.212736129760742 20.404447555541992 
18 50 25.01929473876953 27.638996124267578 19.014780044555664 
18 51 24.274280548095703 24.368709564208984 21.0511531829834 
18 52 27.05152130126953 22.41228675842285 22.814226150512695 
18 53 25.981590270996094 18.8300838470459 22.247089385986328 
18 54 24.848928451538086 19.341995239257813 18.696359634399414 
18 55 26.997848510742188 18.460458755493164 15.586492538452148 
18 56 27.928510665893555 20.722095489501953 12.649150848388672 
18 57 25.941957473754883 18.38856315612793 10.119440078735352 
18 58 22.806669235229492 19.097841262817383 11.994980812072754 
18 59 23.06363296508789 22.88224983215332 11.154520988464355 
18 60 23.726070404052734 22.04503059387207 7.390181064605713 
18 61 27.43329620361328 23.294231414794922 7.692120552062988 
18 62 29.849184036254883 22.914770126342773 4.698782444000244 
18 63 33.55257034301758 23.764646530151367 4.348284721374512 
18 64 35.137393951416016 27.14663314819336 4.55529260635376 
18 65 32.22754669189453 28.272682189941406 6.861934661865234 
18 66 32.36028289794922 31.518177032470703 8.947773933410645 
18 67 31.543134689331055 31.427337646484375 12.679213523864746 
18 68 31.95477294921875 34.51997756958008 14.83952522277832 
18 69 33.61156463623047 34.11932373046875 18.18899917602539 
18 70 32.41328430175781 36.71358871459961 20.617277145385742 
18 71 34.8331298828125 36.93770980834961 23.542577743530273 
18 72 33.76893997192383 37.75896453857422 27.156282424926758 
18 73 35.993743896484375 38.46052551269531 30.09139633178711 
18 74 36.16189956665039 36.21669006347656 33.18989562988281 
18 75 37.302650451660156 38.45608901977539 36.09768295288086 
18 76 40.53722381591797 36.611148834228516 36.5283088684082 
19 1 36.286197662353516 19.941448211669922 7.1053690910339355 
19 2 37.58000564575195 23.59345245361328 7.798142910003662 
19 3 35.7380256652832 26.535314559936523 9.176884651184082 
19 4 36.751461029052734 30.133563995361328 9.199141502380371 
19 5 35.71220397949219 32.01266860961914 12.420072555541992 
19 6 36.006996154785156 35.84585189819336 11.817687034606934 
19 7 36.766117095947266 38.498165130615234 14.507400512695313 
19 8 35.43585205078125 42.12844467163086 14.756580352783203 
19 9 38.09560775756836 43.61931228637695 12.43940544128418 
19 10 39.30872344970703 40.6921272277832 10.236066818237305 
19 11 41.5166130065918 37.87372589111328 11.720534324645996 
19 12 40.81675338745117 34.26658248901367 11.098417282104492 
19 13 40.34651184082031 31.512563705444336 13.696959495544434 
19 14 40.54668045043945 28.34943962097168 11.465134620666504 
19 15 39.33072280883789 25.228500366210938 13.124706268310547 
19 16 39.371334075927734 21.70665740966797 11.933441162109375 
19 17 36.029232025146484 20.17620849609375 12.633792877197266 
19 18 33.43043899536133 17.513866424560547 11.405728340148926 
19 19 29.527631759643555 18.04996681213379 10.988765716552734 
19 20 28.944782257080078 16.315858840942383 14.450486183166504 
19 21 30.91583251953125 19.15325164794922 16.19463348388672 
19 22 28.64406394958496 21.30030632019043 18.34670066833496 
19 23 28.798324584960938 25.070728302001953 18.54435157775879 
19 24 30.107891082763672 24.603050231933594 22.00200843811035 
19 25 32.92626953125 22.393259048461914 20.41693878173828 
19 26 33.700584411621094 25.16423988342285 17.94013786315918 
19 27 34.00645446777344 27.812040328979492 20.67119598388672 
19 28 36.13409423828125 25.505468368530273 22.750507354736328 
19 29 38.603981018066406 24.77515983581543 19.87949562072754 
19 30 39.26704406738281 28.614702224731445 19.631860733032227 
19 31 40.54746627807617 28.359098434448242 23.31097984313965 
19 32 42.887794494628906 25.40922737121582 22.505422592163086 
19 33 44.58036804199219 27.61601448059082 19.862300872802734 
19 34 44.23696517944336 31.3546142578125 20.765466690063477 
19 35 43.179481506347656 31.159921646118164 24.465723037719727 
19 36 39.72628402709961 32.714332580566406 24.689228057861328 
19 37 37.44456481933594 30.29351043701172 26.75693130493164 
19 38 34.12941360473633 29.290302276611328 25.221485137939453 
19 39 31.878265380859375 31.100093841552734 27.727771759033203 
19 40 33.46046829223633 34.51747131347656 26.84619140625 
19 41 32.5464973449707 33.73235321044922 23.179990768432617 
19 42 29.202228546142578 33.826622009277344 21.22698402404785 
19 43 28.973543167114258 32.3144416809082 17.635845184326172 
19 44 26.976186752319336 34.00169372558594 14.77292537689209 
19 45 26.583303451538086 32.391937255859375 11.241003036499023 
19 46 24.70187759399414 35.202693939208984 9.52273941040039 
19 47 22.976247787475586 37.3153190612793 12.06927490234375 
19 48 21.75192642211914 35.43364715576172 15.14616584777832 
19 49 23.521526336669922 33.585391998291016 18.03303337097168 
19 50 23.671598434448242 29.89415168762207 17.348379135131836 
19 51 22.435340881347656 27.353164672851563 20.088510513305664 
19 52 25.6789608001709 25.90494728088379 21.725133895874023 
19 53 24.610984802246094 22.164457321166992 22.051380157470703 
19 54 23.54181671142578 22.030420303344727 18.457563400268555 
19 55 25.661758422851563 20.576509475708008 15.6539306640625 
19 56 27.200000762939453 22.097848892211914 12.444170951843262 
19 57 25.217300415039063 19.437538146972656 10.528849601745605 
19 58 21.903043746948242 20.794858932495117 11.928389549255371 
19 59 22.347732543945313 24.504112243652344 11.006604194641113 
19 60 23.746646881103516 23.72572135925293 7.512984275817871 
19 61 27.202476501464844 25.03508949279785 8.46461009979248 
19 62 29.404958724975586 23.44215202331543 5.714142799377441 
19 63 32.96744918823242 23.529491424560547 4.531726360321045 
19 64 34.80863571166992 26.986595153808594 3.9972782135009766 
19 65 31.959184646606445 28.66510009765625 5.87277364730835 
19 66 32.62501907348633 32.07465744018555 7.297534942626953 
19 67 31.19626808166504 32.393760681152344 10.839920997619629 
19 68 31.381624221801758 35.50626754760742 12.99133586883545 
19 69 32.87409591674805 35.79753494262695 16.599166870117188 
19 70 31.322689056396484 38.1347770690918 19.180892944335938 
19 71 32.58216094970703 38.49319076538086 22.833200454711914 
19 72 30.624618530273438 38.89887619018555 26.176475524902344 
19 73 31.184316635131836 38.9681282043457 30.01654815673828 
19 74 31.287458419799805 35.60647201538086 31.845190048217773 
19 75 30.923349380493164 37.296836853027344 35.25802993774414 
19 76 33.91203689575195 36.037384033203125 37.2745475769043 
20 1 36.286197662353516 19.941448211669922 7.1053690910339355 
20 2 37.58000564575195 23.59345245361328 7.798142910003662 
20 3 35.7380256652832 26.535314559936523 9.176884651184082 
20 4 36.751461029052734 30.133563995361328 9.199141502380371 
20 5 35.71220397949219 32.01266860961914 12.420072555541992 
20 6 36.006996154785156 35.84585189819336 11.817687034606934 
20 7 36.766117095947266 38.498165130615234 14.507400512695313 
20 8 35.43585205078125 42.12844467163086 14.756580352783203 
20 9 38.09560775756836 43.61931228637695 12.43940544128418 
20 10 39.30872344970703 40.6921272277832 10.236066818237305 
20 11 41.5166130065918 37.87372589111328 11.720534324645996 
20 12 40.81675338745117 34.26658248901367 11.098417282104492 
20 13 40.34651184082031 31.512563705444336 13.696959495544434 
20 14 40.54668045043945 28.34943962097168 11.465134620666504 
20 15 39.33072280883789 25.228500366210938 13.124706268310547 
20 16 39.371334075927734 21.70665740966797 11.933441162109375 
20 17 36.029232025146484 20.17620849609375 12.633792877197266 
20 18 33.43043899536133 17.513866424560547 11.405728340148926 
20 19 29.527631759643555 18.04996681213379 10.988765716552734 
20 20 28.944782257080078 16.315858840942383 14.450486183166504 
20 21 30.91583251953125 19.15325164794922 16.19463348388672 
20 22 28.64406394958496 21.30030632019043 18.34670066833496 
20 23 28.798324584960938 25.070728302001953 18.54435157775879 
20 24 30.107891082763672 24.603050231933594 22.00200843811035 
20 25 32.92626953125 22.393259048461914 20.41693878173828 
20 26 33.700584411621094 25.16423988342285 17.94013786315918 
20 27 34.00645446777344 27.812040328979492 20.67119598388672 
20 28 36.13409423828125 25.505468368530273 22.750507354736328 
20 29 38.603981018066406 24.77515983581543 19.87949562072754 
20 30 39.26704406738281 28.614702224731445 19.631860733032227 
20 31 40.54746627807617 28.359098434448242 23.31097984313965 
20 32 42.887794494628906 25.40922737121582 22.505422592163086 
20 33 44.58036804199219 27.61601448059082 19.862300872802734 
20 34 44.23696517944336 31.3546142578125 20.765466690063477 
20 35 43.179481506347656 31.159921646118164 24.465723037719727 
20 36 39.72628402709961 32.714332580566406 24.689228057861328 
20 37 37.44456481933594 30.29351043701172 26.75693130493164 
20 38 34.12941360473633 29.290302276611328 25.221485137939453 
20 39 31.878265380859375 31.100093841552734 27.727771759033203 
20 40 33.46046829223633 34.51747131347656 26.84619140625 
20 41 32.5464973449707 33.73235321044922 23.179990768432617 
20 42 29.202228546142578 33.826622009277344 21.22698402404785 
20 43 28.973543167114258 32.3144416809082 17.635845184326172 
20 44 26.976186752319336 34.00169372558594 14.77292537689209 
20 45 26.583303451538086 32.391937255859375 11.241003036499023 
20 46 24.70187759399414 35.202693939208984 9.52273941040039 
20 47 22.976247787475586 37.3153190612793 12.06927490234375 
20 48 21.75192642211914 35.43364715576172 15.14616584777832 
20 49 23.521526336669922 33.585391998291016 18.03303337097168 
20 50 23.671598434448242 29.89415168762207 17.348379135131836 
20 51 22.435340881347656 27.353164672851563 20.088510513305664 
20 52 25.6789608001709 25.90494728088379 21.725133895874023 
20 53 24.610984802246094 22.164457321166992 22.051380157470703 
20 54 23.54181671142578 22.030420303344727 18.457563400268555 
20 55 25.661758422851563 20.576509475708008 15.6539306640625 
20 56 27.200000762939453 22.097848892211914 12.444170951843262 
20 57 25.217300415039063 19.437538146972656 10.528849601745605 
20 58 21.903043746948242 20.794858932495117 11.928389549255371 
20 59 22.347732543945313 24.504112243652344 11.006604194641113 
20 60 23.746646881103516 23.72572135925293 7.512984275817871 
20 61 27.202476501464844 25.03508949279785 8.46461009979248 
20 62 29.404958724975586 23.44215202331543 5.714142799377441 
20 63 32.96744918823242 23.529491424560547 4.531726360321045 
20 64 34.80863571166992 26.986595153808594 3.9972782135009766 
20 65 31.959184646606445 28.66510009765625 5.87277364730835 
20 66 32.62501907348633 32.07465744018555 7.297534942626953 
20 67 31.19626808166504 32.393760681152344 10.839920997619629 
20 68 31.381624221801758 35.50626754760742 12.99133586883545 
20 69 32.87409591674805 35.79753494262695 16.599166870117188 
20 70 31.322689056396484 38.1347770690918 19.180892944335938 
20 71 32.58216094970703 38.49319076538086 22.833200454711914 
20 72 30.624618530273438 38.89887619018555 26.176475524902344 
20 73 31.184316635131836 38.9681282043457 30.01654815673828 
20 74 31.287458419799805 35.60647201538086 31.845190048217773 
20 75 30.923349380493164 37.296836853027344 35.25802993774414 
20 76 33.91203689575195 36.037384033203125 37.2745475769043 
